NNODES 17
0 -8.673617379884035e-19 0.05
1 -0.0006054521066710993 0.02574045318333195
2 0.029389262614623664 0.04045084971874734
3 -1.734723475976807e-18 -0.05
4 0.0006054521066711171 -0.025740453183331943
5 -0.02938926261462367 -0.04045084971874735
6 -0.02126627020880102 -0.015450849718747347
7 0.021266270208801032 0.015450849718747344
8 -0.047552825814757664 0.015450849718747453
9 -0.024394439426601834 0.008456742197222027
10 -0.029389262614623508 0.040450849718747475
11 0.047552825814757636 -0.015450849718747495
12 0.024394439426601834 -0.008456742197222034
13 0.02938926261462356 -0.04045084971874744
14 -0.04755282581475769 -0.015450849718747337
15 0.04755282581475772 0.015450849718747307
16 8.743956446558314e-18 6.071532165918825e-18

NELEMS 22
0 0 1 2
1 3 4 5
2 5 4 6
3 2 1 7
4 8 9 10
5 11 12 13
6 14 9 8
7 15 12 11
8 10 9 1
9 13 12 4
10 14 6 9
11 15 7 12
12 0 10 1
13 3 13 4
14 16 7 1
15 5 6 14
16 2 7 15
17 16 6 4
18 16 4 12
19 16 1 9
20 16 12 7
21 16 9 6

ZEROCONS
0 2 3 5 8 10 11 13 14 15
