NNODES 55
0 8.597384414631148e-19 0.05
1 -0.0003027260533355501 0.03787022659166597
2 -0.0006054521066710982 0.025740453183331957
3 0.015450849718747358 0.0475528258147577
4 0.01439190525397629 0.033095651451039626
5 0.029389262614623678 0.04045084971874734
6 5.838280468068672e-18 -0.05
7 0.000302726053335557 -0.03787022659166597
8 0.0006054521066711132 -0.025740453183331936
9 -0.01545084971874738 -0.047552825814757706
10 -0.01439190525397627 -0.033095651451039626
11 -0.029389262614623678 -0.04045084971874734
12 -0.025327766411712357 -0.027950849718747367
13 -0.010330409051064943 -0.02059565145103965
14 -0.021266270208801005 -0.015450849718747354
15 0.025327766411712367 0.027950849718747377
16 0.010330409051064962 0.02059565145103964
17 0.021266270208801032 0.015450849718747352
18 -0.047552825814757664 0.01545084971874745
19 -0.035973632620679735 0.011953795957984731
20 -0.02439443942660183 0.008456742197222039
21 -0.04045084971874728 0.029389262614623768
22 -0.026891851020612666 0.024453795957984754
23 -0.02938926261462352 0.040450849718747496
24 0.04755282581475765 -0.015450849718747488
25 0.03597363262067976 -0.011953795957984766
26 0.024394439426601848 -0.008456742197222039
27 0.04045084971874729 -0.029389262614623747
28 0.026891851020612687 -0.02445379595798473
29 0.02938926261462356 -0.040450849718747454
30 -0.047552825814757706 -0.015450849718747337
31 -0.03597363262067978 -0.003497053760762653
32 -0.049999999999999975 6.722053469410127e-17
33 0.047552825814757727 0.015450849718747314
34 0.03597363262067978 0.0034970537607626325
35 0.049999999999999996 -7.564300680512441e-17
36 -0.014997357360647308 0.03309565145103972
37 -0.012499945766636463 0.01709859769027698
38 0.014997357360647352 -0.0330956514510397
39 0.012499945766636482 -0.01709859769027698
40 -0.03440954801177939 -0.015450849718747346
41 -0.022830354817701397 -0.0034970537607626638
42 0.03440954801177936 0.01545084971874732
43 0.022830354817701428 0.003497053760762655
44 -0.015450849718747304 0.04755282581475769
45 0.015450849718747326 -0.04755282581475767
46 8.267041565201971e-18 2.4665599424045226e-18
47 0.010633135104400525 0.007725424859373675
48 -0.000302726053335544 0.012870226591665996
49 -0.04045084971874735 -0.02938926261462364
50 0.040450849718747406 0.02938926261462361
51 -0.01063313510440051 -0.007725424859373665
52 0.0003027260533355618 -0.012870226591665979
53 0.012197219713300931 -0.004228371098611015
54 -0.01219721971330091 0.0042283710986110125

NELEMS 22
0 0 1 2 3 4 5
1 6 7 8 9 10 11
2 11 10 8 12 13 14
3 5 4 2 15 16 17
4 18 19 20 21 22 23
5 24 25 26 27 28 29
6 30 31 20 32 19 18
7 33 34 26 35 25 24
8 23 22 20 36 37 2
9 29 28 26 38 39 8
10 30 40 14 31 41 20
11 33 42 17 34 43 26
12 0 44 23 1 36 2
13 6 45 29 7 38 8
14 46 47 17 48 16 2
15 11 12 14 49 40 30
16 5 15 17 50 42 33
17 46 51 14 52 13 8
18 46 52 8 53 39 26
19 46 48 2 54 37 20
20 46 53 26 47 43 17
21 46 54 20 51 41 14

ZEROCONS
0 3 5 6 9 11 18 21 23 24 27 29 30 32 33 35 44 45 49 50
