NNODES 31
0 0.0000000000000000000000000 0.0000000000000000000000000
1 0.1000000000000000100000000 0.0000000000000000000000000
2 0.0000000000000000000000000 0.1000000000000000100000000
3 0.0707106781186547380000000 0.0707106781186547660000000
4 0.0250000000000000010000000 0.0000000000000000000000000
5 0.0500000000000000030000000 0.0000000000000000000000000
6 0.0750000000000000110000000 0.0000000000000000000000000
7 0.0000000000000000000000000 0.0250000000000000010000000
8 0.0000000000000000000000000 0.0500000000000000030000000
9 0.0000000000000000000000000 0.0750000000000000110000000
10 0.0980785280403230490000000 0.0195090322016128370000000
11 0.0923879532511286820000000 0.0382683432365089890000000
12 0.0831469612302545150000000 0.0555570233019602460000000
13 0.0555570233019602110000000 0.0831469612302545430000000
14 0.0382683432365089890000000 0.0923879532511286820000000
15 0.0195090322016128540000000 0.0980785280403230490000000
16 0.0441766937449152300000000 0.0415839094322259790000000
17 0.0221744732266600350000000 0.0782066032506864990000000
18 0.0161547575124380140000000 0.0167753009471660820000000
19 0.0839683296876805730000000 0.0112975900184910000000000
20 0.0780900798080441380000000 0.0250304801204505700000000
21 0.0203923541997186320000000 0.0389246795063488830000000
22 0.0517665729037432650000000 0.0624372429646879650000000
23 0.0149309025934904090000000 0.0602263734198510010000000
24 0.0104156849429644230000000 0.0878057221551691580000000
25 0.0354803273474246440000000 0.0201420933368519910000000
26 0.0681948492965347710000000 0.0453107703796815570000000
27 0.0321977523501967500000000 0.0592985927032430030000000
28 0.0399696047170403150000000 0.0750365215968581270000000
29 0.0688401370759123420000000 0.0120308914818851810000000
30 0.0574030370194608330000000 0.0239504398270253030000000

NELEMS 44
0 12 3 26
1 6 1 19
2 7 0 18
3 0 4 18
4 18 4 25
5 4 5 25
6 25 5 30
7 5 6 29
8 9 8 23
9 15 2 24
10 1 10 19
11 19 10 20
12 2 9 24
13 20 11 26
14 3 13 22
15 22 13 28
16 14 15 17
17 8 7 21
18 17 9 23
19 21 18 25
20 10 11 20
21 11 12 26
22 22 16 26
23 26 16 30
24 21 16 27
25 7 18 21
26 13 14 28
27 14 17 28
28 8 21 23
29 23 21 27
30 17 15 24
31 9 17 24
32 6 19 29
33 16 21 25
34 29 20 30
35 3 22 26
36 16 22 27
37 17 23 27
38 27 22 28
39 17 27 28
40 19 20 29
41 16 25 30
42 20 26 30
43 5 29 30

ZEROCONS
0 1 2 3 4 5 6 7 8 9 10 11 12 13 14 15 