NNODES 10
0 0.0000000000000000000000000 0.0000000000000000000000000
1 0.1000000000000000100000000 0.0000000000000000000000000
2 0.0000000000000000000000000 0.1000000000000000100000000
3 0.0707106781186547380000000 0.0707106781186547660000000
4 0.0500000000000000030000000 0.0000000000000000000000000
5 0.0000000000000000000000000 0.0500000000000000030000000
6 0.0923879532511286820000000 0.0382683432365089890000000
7 0.0382683432365089890000000 0.0923879532511286820000000
8 0.0458970442024813280000000 0.0458783806978606820000000
9 0.0240692604691461610000000 0.0238785284904232430000000

NELEMS 10
0 4 1 6
1 5 0 9
2 6 3 8
3 0 4 9
4 7 5 8
5 2 5 7
6 4 6 8
7 3 7 8
8 8 5 9
9 4 8 9

ZEROCONS
0 1 2 3 4 5 6 7 