NNODES 103
0 0.0000000000000000000000000 0.0000000000000000000000000
1 0.1000000000000000100000000 0.0000000000000000000000000
2 0.0000000000000000000000000 0.1000000000000000100000000
3 0.0707106781186547380000000 0.0707106781186547660000000
4 0.0125000000000000010000000 0.0000000000000000000000000
5 0.0250000000000000010000000 0.0000000000000000000000000
6 0.0375000000000000060000000 0.0000000000000000000000000
7 0.0500000000000000030000000 0.0000000000000000000000000
8 0.0625000000000000000000000 0.0000000000000000000000000
9 0.0750000000000000110000000 0.0000000000000000000000000
10 0.0875000000000000080000000 0.0000000000000000000000000
11 0.0000000000000000000000000 0.0125000000000000010000000
12 0.0000000000000000000000000 0.0250000000000000010000000
13 0.0000000000000000000000000 0.0375000000000000060000000
14 0.0000000000000000000000000 0.0500000000000000030000000
15 0.0000000000000000000000000 0.0625000000000000000000000
16 0.0000000000000000000000000 0.0750000000000000110000000
17 0.0000000000000000000000000 0.0875000000000000080000000
18 0.0993712209893242710000000 0.0111964476103307910000000
19 0.0974927912181823700000000 0.0222520933956314480000000
20 0.0943883330308367690000000 0.0330279061955167100000000
21 0.0900968867902419150000000 0.0433883739117558250000000
22 0.0846724199228284100000000 0.0532032076515336700000000
23 0.0781831482468029890000000 0.0623489801858733500000000
24 0.0623489801858733640000000 0.0781831482468029890000000
25 0.0532032076515336490000000 0.0846724199228284240000000
26 0.0433883739117557970000000 0.0900968867902419280000000
27 0.0330279061955167170000000 0.0943883330308367690000000
28 0.0222520933956314450000000 0.0974927912181823700000000
29 0.0111964476103307700000000 0.0993712209893242710000000
30 0.0484705611368638140000000 0.0409412550116827410000000
31 0.0202437729701225480000000 0.0751814420232134880000000
32 0.0792148236325669750000000 0.0183241983303016020000000
33 0.0074368412655562346000000 0.0075324652011088010000000
34 0.0075025177556542356000000 0.0922982370262329930000000
35 0.0658028614103285530000000 0.0365472831990316590000000
36 0.0234711616055766380000000 0.0352324902816834250000000
37 0.0480480528496012790000000 0.0623440403032075800000000
38 0.0440397831980339700000000 0.0241026969068142550000000
39 0.0162668704049286180000000 0.0576234045774470930000000
40 0.0111491635775006050000000 0.0829777228604924590000000
41 0.0695830289548970830000000 0.0111710902382017620000000
42 0.0237307481758786100000000 0.0860590295945821430000000
43 0.0894233996251840440000000 0.0154193704042347310000000
44 0.0820579385510561000000000 0.0086499126821042976000000
45 0.0916681572226838710000000 0.0070488150557773107000000
46 0.0594749559909460850000000 0.0520035302307242790000000
47 0.0254133833826161000000000 0.0177735807309141910000000
48 0.0347211105717050510000000 0.0526053118620207410000000
49 0.0604614083540770470000000 0.0257810723448090310000000
50 0.0821795153861990950000000 0.0350057521724027530000000
51 0.0378054486875854180000000 0.0744845571951157220000000
52 0.0175497625747922870000000 0.0452690261846851810000000
53 0.0086039082132094349000000 0.0654551117312062860000000
54 0.0444671951596214280000000 0.0122646605430228070000000
55 0.0151660066894315390000000 0.0916403059958588170000000
56 0.0137561905606675210000000 0.0213695960021257940000000
57 0.0586752073985325680000000 0.0648988959432409830000000
58 0.0728029324888348900000000 0.0509620697147574190000000
59 0.0289773894644870310000000 0.0648014076668207980000000
60 0.0569397607435931930000000 0.0102503385405460830000000
61 0.0367486940814428790000000 0.0278942796860870250000000
62 0.0695631151837589890000000 0.0230821525331993510000000
63 0.0578240561812014760000000 0.0404530108226308710000000
64 0.0287833940767004310000000 0.0439236667995654900000000
65 0.0469105123743925880000000 0.0517651094998918750000000
66 0.0492001853665164770000000 0.0732427612365264820000000
67 0.0867708972334379630000000 0.0251004306124947110000000
68 0.0069027596247469318000000 0.0572433796740796850000000
69 0.0341262387848331320000000 0.0115428766921894830000000
70 0.0351353257671237690000000 0.0838612273987852510000000
71 0.0114116887529037060000000 0.0731668680402290660000000
72 0.0078049175229157938000000 0.0433705538796140470000000
73 0.0118690781400826990000000 0.0334941321185937490000000
74 0.0523062417327322810000000 0.0310429232635744640000000
75 0.0170652297640269850000000 0.0099452238110002873000000
76 0.0805738647143355300000000 0.0445949343427592820000000
77 0.0679439667739850370000000 0.0601724782501909740000000
78 0.0389627666167819410000000 0.0429154316409204320000000
79 0.0170869439121576170000000 0.0672363771252340870000000
80 0.0657688942909649270000000 0.0440534215241273550000000
81 0.0532222183713522420000000 0.0577273430443119090000000
82 0.0437367673570383600000000 0.0812699631724489860000000
83 0.0530957319478934510000000 0.0462436864991245670000000
84 0.0355988526550070560000000 0.0200469871885112820000000
85 0.0291171712199514190000000 0.0270844556431167300000000
86 0.0096879073342991968000000 0.0506834333790333950000000
87 0.0779927759912625030000000 0.0266575577024728490000000
88 0.0252161520368239450000000 0.0528096315995217470000000
89 0.0398275644794613000000000 0.0596562245293101730000000
90 0.0291653897503290800000000 0.0768734892302133100000000
91 0.0656527760588070940000000 0.0299546358209313370000000
92 0.0533062039004880760000000 0.0201936125939310670000000
93 0.0619317899562702030000000 0.0180512816035106260000000
94 0.0407359955692958780000000 0.0668923619653980510000000
95 0.0076428744403297388000000 0.0152558900071756570000000
96 0.0331421563385122590000000 0.0350343856383065130000000
97 0.0421999433852549220000000 0.0335827971857504750000000
98 0.0732096426054241610000000 0.0404838281021162180000000
99 0.0603436523514396810000000 0.0326984878829230250000000
100 0.0278036694318327320000000 0.0078277833343495216000000
101 0.0723603526582484030000000 0.0319174479802496820000000
102 0.0206829831556224540000000 0.0269374995057779510000000

NELEMS 174
0 23 3 77
1 11 0 33
2 33 4 75
3 10 1 45
4 0 4 33
5 4 5 75
6 12 11 95
7 56 12 95
8 75 5 100
9 13 12 73
10 14 13 72
11 6 7 54
12 54 7 60
13 41 9 44
14 9 10 44
15 15 14 68
16 16 15 53
17 44 10 45
18 18 19 43
19 43 19 67
20 17 16 40
21 20 21 50
22 50 21 76
23 29 2 34
24 21 22 76
25 3 24 57
26 2 17 34
27 57 24 66
28 24 25 66
29 66 25 82
30 34 17 40
31 40 16 71
32 22 23 58
33 63 35 80
34 72 13 73
35 74 30 97
36 27 28 42
37 42 28 55
38 64 36 96
39 8 9 41
40 26 27 70
41 11 33 95
42 57 37 81
43 42 31 90
44 43 32 44
45 63 30 74
46 53 15 68
47 85 36 102
48 65 37 89
49 28 29 55
50 41 32 62
51 62 32 87
52 40 31 42
53 29 34 55
54 19 20 67
55 60 41 93
56 32 41 44
57 1 18 45
58 18 43 45
59 43 44 45
60 98 35 101
61 25 26 82
62 52 36 64
63 7 8 60
64 65 30 83
65 59 31 79
66 61 38 97
67 74 38 92
68 58 23 77
69 87 50 101
70 70 42 90
71 59 39 88
72 64 48 88
73 65 48 78
74 68 14 86
75 53 39 79
76 54 38 84
77 8 41 60
78 34 40 55
79 40 42 55
80 85 61 96
81 5 6 100
82 89 37 94
83 65 46 81
84 80 35 98
85 57 46 77
86 66 51 94
87 71 53 79
88 62 49 93
89 92 60 93
90 56 47 102
91 73 56 102
92 91 35 99
93 32 43 67
94 58 46 80
95 38 54 92
96 39 52 88
97 78 64 96
98 59 48 89
99 63 46 83
100 70 51 82
101 37 57 66
102 20 50 67
103 67 50 87
104 52 39 86
105 39 53 68
106 69 54 84
107 6 54 69
108 27 42 70
109 59 51 90
110 31 40 71
111 16 53 71
112 36 52 73
113 72 52 86
114 12 56 73
115 52 72 73
116 96 61 97
117 49 62 91
118 47 56 75
119 69 47 100
120 91 62 101
121 22 58 76
122 3 57 77
123 46 58 77
124 48 64 78
125 30 65 78
126 39 59 79
127 31 71 79
128 76 58 98
129 46 63 80
130 46 57 81
131 37 65 81
132 51 66 82
133 26 70 82
134 30 63 83
135 46 65 83
136 38 61 84
137 47 69 84
138 84 61 85
139 47 84 85
140 39 68 86
141 14 72 86
142 62 87 101
143 32 67 87
144 48 59 88
145 52 64 88
146 51 59 94
147 48 65 89
148 31 59 90
149 51 70 90
150 74 49 99
151 35 63 99
152 54 60 92
153 49 74 92
154 41 62 93
155 49 92 93
156 37 66 94
157 59 89 94
158 75 56 95
159 33 75 95
160 38 74 97
161 36 85 96
162 30 78 97
163 78 96 97
164 50 76 98
165 58 80 98
166 63 74 99
167 49 91 99
168 6 69 100
169 47 75 100
170 35 91 101
171 50 98 101
172 36 73 102
173 47 85 102

ZEROCONS
0 1 2 3 4 5 6 7 8 9 10 11 12 13 14 15 16 17 18 19 20 21 22 23 24 25 26 27 28 29 