NNODES 366
0 0.0000000000000000000000000 0.0000000000000000000000000
1 0.1000000000000000100000000 0.0000000000000000000000000
2 0.0000000000000000000000000 0.1000000000000000100000000
3 0.0707106781186547380000000 0.0707106781186547660000000
4 0.0062500000000000003000000 0.0000000000000000000000000
5 0.0125000000000000010000000 0.0000000000000000000000000
6 0.0187500000000000030000000 0.0000000000000000000000000
7 0.0250000000000000010000000 0.0000000000000000000000000
8 0.0312500000000000000000000 0.0000000000000000000000000
9 0.0375000000000000060000000 0.0000000000000000000000000
10 0.0437500000000000040000000 0.0000000000000000000000000
11 0.0500000000000000030000000 0.0000000000000000000000000
12 0.0562500000000000010000000 0.0000000000000000000000000
13 0.0625000000000000000000000 0.0000000000000000000000000
14 0.0687500000000000060000000 0.0000000000000000000000000
15 0.0750000000000000110000000 0.0000000000000000000000000
16 0.0812500000000000030000000 0.0000000000000000000000000
17 0.0875000000000000080000000 0.0000000000000000000000000
18 0.0937500000000000000000000 0.0000000000000000000000000
19 0.0000000000000000000000000 0.0062500000000000003000000
20 0.0000000000000000000000000 0.0125000000000000010000000
21 0.0000000000000000000000000 0.0187500000000000030000000
22 0.0000000000000000000000000 0.0250000000000000010000000
23 0.0000000000000000000000000 0.0312500000000000000000000
24 0.0000000000000000000000000 0.0375000000000000060000000
25 0.0000000000000000000000000 0.0437500000000000040000000
26 0.0000000000000000000000000 0.0500000000000000030000000
27 0.0000000000000000000000000 0.0562500000000000010000000
28 0.0000000000000000000000000 0.0625000000000000000000000
29 0.0000000000000000000000000 0.0687500000000000060000000
30 0.0000000000000000000000000 0.0750000000000000110000000
31 0.0000000000000000000000000 0.0812500000000000030000000
32 0.0000000000000000000000000 0.0875000000000000080000000
33 0.0000000000000000000000000 0.0937500000000000000000000
34 0.0998175554223317550000000 0.0060378497422286089000000
35 0.0992708874098054000000000 0.0120536680255323120000000
36 0.0983619906947143520000000 0.0180255037813905860000000
37 0.0970941817426052010000000 0.0239315664287557860000000
38 0.0954720866508545620000000 0.0297503053855203110000000
39 0.0935016242685414860000000 0.0354604887042535770000000
40 0.0911899845992090170000000 0.0410412805452756990000000
41 0.0885456025653209850000000 0.0464723172043768830000000
42 0.0855781272301447400000000 0.0517337814177656900000000
43 0.0822983865893656410000000 0.0568064746731155940000000
44 0.0787183480609050250000000 0.0616718872628543090000000
45 0.0748510748171101050000000 0.0663122658240795220000000
46 0.0663122658240795080000000 0.0748510748171101190000000
47 0.0616718872628543020000000 0.0787183480609050250000000
48 0.0568064746731155590000000 0.0822983865893656690000000
49 0.0517337814177656620000000 0.0855781272301447680000000
50 0.0464723172043768410000000 0.0885456025653209990000000
51 0.0410412805452756710000000 0.0911899845992090170000000
52 0.0354604887042535570000000 0.0935016242685414860000000
53 0.0297503053855203010000000 0.0954720866508545620000000
54 0.0239315664287558070000000 0.0970941817426052010000000
55 0.0180255037813905860000000 0.0983619906947143520000000
56 0.0120536680255323020000000 0.0992708874098054000000000
57 0.0060378497422286063000000 0.0998175554223317550000000
58 0.0430398215969573850000000 0.0402935500712855930000000
59 0.0221860009996122060000000 0.0762013719920634630000000
60 0.0794022558940383900000000 0.0187504865418394940000000
61 0.0096445868013026216000000 0.0118181122534623540000000
62 0.0955539686040496330000000 0.0038028910736823971000000
63 0.0039077573958463101000000 0.0958866582636340860000000
64 0.0281637645650752170000000 0.0235063314728904160000000
65 0.0220597598262007620000000 0.0530615758730220780000000
66 0.0665290741645857830000000 0.0391765601285268690000000
67 0.0463757979623413070000000 0.0637313792880159630000000
68 0.0135971440609198910000000 0.0863624142362479360000000
69 0.0661105448761909460000000 0.0141982766794202990000000
70 0.0282728301658380470000000 0.0831194645351695100000000
71 0.0875580081540594110000000 0.0115701221002771450000000
72 0.0046135142933866327000000 0.0089535970376203814000000
73 0.0096607767359960968000000 0.0053441369863423743000000
74 0.0041027244696447227000000 0.0040992337095528183000000
75 0.0471984528421560550000000 0.0222634099120654870000000
76 0.0170570311549069630000000 0.0364168468340738540000000
77 0.0570728694242363390000000 0.0503091073518444270000000
78 0.0348191158746788830000000 0.0692052338770110100000000
79 0.0660069563325082210000000 0.0260301925365171750000000
80 0.0788682207197648340000000 0.0335389806473669340000000
81 0.0149488061085406070000000 0.0650445871445905900000000
82 0.0371553363870108860000000 0.0526941978009915840000000
83 0.0215454551938546080000000 0.0118226019307244540000000
84 0.0744564031147904730000000 0.0471164699136415940000000
85 0.0557859940295518320000000 0.0667480589647985180000000
86 0.0763432353709804080000000 0.0101033625209962660000000
87 0.0087860515258566876000000 0.0785342664196653080000000
88 0.0218031497457035210000000 0.0875754252792507880000000
89 0.0844806617576750600000000 0.0059368095420369998000000
90 0.0106758164589989740000000 0.0909351221480450140000000
91 0.0925078845863519930000000 0.0204601551210291670000000
92 0.0367274157513257440000000 0.0872827058668473180000000
93 0.0664927882156948620000000 0.0079746134552558610000000
94 0.0935745751952470760000000 0.0086065633835632361000000
95 0.0072859530148676509000000 0.0172199859661461980000000
96 0.0289055615313278290000000 0.0403432403305382520000000
97 0.0553207385674819030000000 0.0318687516590419540000000
98 0.0656951762472002270000000 0.0567315843957124710000000
99 0.0344745571129598600000000 0.0116716770816716420000000
100 0.0471796697897377060000000 0.0752273257236113070000000
101 0.0111946575460445870000000 0.0530514323762171850000000
102 0.0376210849045764060000000 0.0288148285321254100000000
103 0.0536334877701115450000000 0.0116054794129305390000000
104 0.0166697464695243320000000 0.0240827185678168140000000
105 0.0248865422776718870000000 0.0638439203075690660000000
106 0.0457469144366353110000000 0.0512549545958952690000000
107 0.0093553145672197139000000 0.0406542220546818810000000
108 0.0375392586953450440000000 0.0612826492885775520000000
109 0.0865067986809695130000000 0.0271572461122529910000000
110 0.0815571752103504270000000 0.0412339147491368810000000
111 0.0349866145035443240000000 0.0786540866922274680000000
112 0.0081859775049569084000000 0.0690835136454666650000000
113 0.0710820271467883930000000 0.0331356118309948450000000
114 0.0734285236948828270000000 0.0163413709703534720000000
115 0.0817119439313830210000000 0.0109349947398609210000000
116 0.0149935270719661200000000 0.0086083646859877235000000
117 0.0084991797083907913000000 0.0862080100287749840000000
118 0.0140284838682143130000000 0.0800884222622219870000000
119 0.0155859464896141290000000 0.0919780943981336060000000
120 0.0230661995983789150000000 0.0823455217733217310000000
121 0.0792210734685153680000000 0.0509116959121470110000000
122 0.0590931105171272480000000 0.0726631076617738070000000
123 0.0781266812647291030000000 0.0049020962170543527000000
124 0.0716594927273058600000000 0.0053346695705580125000000
125 0.0306674132961158550000000 0.0886369827169117000000000
126 0.0931837870986492870000000 0.0147147605954729200000000
127 0.0906440061043571190000000 0.0043408232510641570000000
128 0.0042358267088861310000000 0.0791265629664934940000000
129 0.0084419780400194887000000 0.0952795118017912830000000
130 0.0043017316338439813000000 0.0138260812546993120000000
131 0.0571159815053516460000000 0.0217993005504956640000000
132 0.0432958779587763190000000 0.0139365377800055640000000
133 0.0583030750362007540000000 0.0412926064858500850000000
134 0.0653384409670178520000000 0.0484446523538859600000000
135 0.0299238808630664650000000 0.0313200544128154480000000
136 0.0101715228221810180000000 0.0312833404389907120000000
137 0.0374042063500386320000000 0.0203116928186329210000000
138 0.0543543557157062580000000 0.0590273746103459830000000
139 0.0220274499993068810000000 0.0443578579461809120000000
140 0.0474107518872543400000000 0.0303982041767822190000000
141 0.0422439986867221150000000 0.0808861761714990410000000
142 0.0072820901727682292000000 0.0606362840844865070000000
143 0.0306337470038414130000000 0.0571756387507078580000000
144 0.0155256487722957110000000 0.0172479299322965790000000
145 0.0286148767847463170000000 0.0084072125362191618000000
146 0.0755522669343261090000000 0.0262692534838008910000000
147 0.0755185245129283980000000 0.0412925584029820090000000
148 0.0717821017830861250000000 0.0567874177359207690000000
149 0.0860858476709593230000000 0.0347752664729060950000000
150 0.0153060517120068240000000 0.0716686759451215790000000
151 0.0274677965600221670000000 0.0747874841552233770000000
152 0.0402435142990268810000000 0.0664808110584041160000000
153 0.0644100095336533060000000 0.0643983773459309990000000
154 0.0170519416196251750000000 0.0560719745856713340000000
155 0.0528004550538526270000000 0.0755421774211676170000000
156 0.0449153089758491520000000 0.0573377068280665060000000
157 0.0300141849345233300000000 0.0494902258013621350000000
158 0.0401067718698411500000000 0.0471244442752091140000000
159 0.0837741191215065630000000 0.0198217104794494520000000
160 0.0067764075459440676000000 0.0467685589588309190000000
161 0.0636358556161528980000000 0.0311259300808003070000000
162 0.0576750431108802520000000 0.0072673003319370334000000
163 0.0277179272079622030000000 0.0158773836058319560000000
164 0.0505853137880548300000000 0.0678202002002302320000000
165 0.0311094709167515120000000 0.0649004182655980030000000
166 0.0913533574009762070000000 0.0259153440909031910000000
167 0.0059672149202432793000000 0.0227023130411112170000000
168 0.0833038329199082830000000 0.0464382951831938600000000
169 0.0254018260758647200000000 0.0913221525745746550000000
170 0.0182011975509983080000000 0.0840967618857676460000000
171 0.0707798692649969090000000 0.0107861876226247220000000
172 0.0050858600334342712000000 0.0905790205034061190000000
173 0.0053354669405168281000000 0.0733233831421608170000000
174 0.0787751658656656030000000 0.0143521155967285440000000
175 0.0044017730513518259000000 0.0407515472087231630000000
176 0.0204364689415709210000000 0.0924824734987284010000000
177 0.0104018998531371000000000 0.0826779368625477210000000
178 0.0890502854769782550000000 0.0076330642205450130000000
179 0.0258400635502856360000000 0.0866146199118965900000000
180 0.0071973696169815903000000 0.0822021775183858630000000
181 0.0801376795260627110000000 0.0079871747025837218000000
182 0.0129466955473292130000000 0.0951694849614642680000000
183 0.0332266334650221720000000 0.0830702917125526600000000
184 0.0155482904205019760000000 0.0040910283118140624000000
185 0.0220048126838134350000000 0.0296639699858296770000000
186 0.0512186049852881160000000 0.0368440074651443380000000
187 0.0355400431883125330000000 0.0368299861043216300000000
188 0.0410302224727600790000000 0.0050289939374983409000000
189 0.0491373863159284410000000 0.0087667078869220726000000
190 0.0196698675690965480000000 0.0193736678360461010000000
191 0.0254292994671604760000000 0.0377327251339214520000000
192 0.0157065432830901280000000 0.0459330043825552990000000
193 0.0659414596337808000000000 0.0202424717166814000000000
194 0.0499307833519816930000000 0.0271321842394851160000000
195 0.0237248455926117600000000 0.0704814656927417740000000
196 0.0401403961844374050000000 0.0750785503901409000000000
197 0.0500592324016967610000000 0.0551153811506231990000000
198 0.0690359549545697670000000 0.0610333732647043580000000
199 0.0599909978793302170000000 0.0557954861658086570000000
200 0.0604690489602576560000000 0.0268266524814349300000000
201 0.0322699589070562860000000 0.0272279832376167710000000
202 0.0414100246529511690000000 0.0246250124520297100000000
203 0.0051560412564894834000000 0.0533784839974353680000000
204 0.0218419333953312440000000 0.0066129647611397101000000
205 0.0493887208560204810000000 0.0797791080814053980000000
206 0.0596273160531909930000000 0.0127588720003474630000000
207 0.0517039083859635530000000 0.0179081041250332380000000
208 0.0591750896331341220000000 0.0623111635019872180000000
209 0.0685027528958984530000000 0.0533435802770131920000000
210 0.0694827860725371620000000 0.0436841076248182390000000
211 0.0350388094556965260000000 0.0444611844715844250000000
212 0.0217141320790341270000000 0.0584719973727984220000000
213 0.0059399322483037658000000 0.0351172295366315030000000
214 0.0619225086519723450000000 0.0366659931072267210000000
215 0.0055083124853670005000000 0.0285935568115446260000000
216 0.0120279997118174720000000 0.0204918229980450800000000
217 0.0383429046568647330000000 0.0152549829403656880000000
218 0.0710163689462555010000000 0.0224628950593879150000000
219 0.0047857548843882811000000 0.0649834134722401120000000
220 0.0813236160957369890000000 0.0246115252417559330000000
221 0.0601135331497084090000000 0.0464905219722477890000000
222 0.0861014020117242680000000 0.0387395153542002130000000
223 0.0893529421381224630000000 0.0315021751987698270000000
224 0.0519783652590737260000000 0.0633399912459635810000000
225 0.0124609791617145400000000 0.0596778626280006910000000
226 0.0329269786337253590000000 0.0166825420304137530000000
227 0.0115995711004735650000000 0.0738377189124189700000000
228 0.0417936313548749400000000 0.0854840400365893820000000
229 0.0253715532377259790000000 0.0478509373521595060000000
230 0.0148720785570647890000000 0.0131324509908860700000000
231 0.0650128404524014520000000 0.0693649706278744590000000
232 0.0466389680833905470000000 0.0454514709963242460000000
233 0.0414931969724752350000000 0.0531156091088010870000000
234 0.0122688726071827120000000 0.0358451761334213290000000
235 0.0833315947435715600000000 0.0310390914622666910000000
236 0.0263079095735960430000000 0.0790792548018834080000000
237 0.0417304605912218460000000 0.0612140617300816270000000
238 0.0353791078199703690000000 0.0646078906395987360000000
239 0.0351003550961450850000000 0.0570785733931339150000000
240 0.0381842814648307790000000 0.0817583148696960360000000
241 0.0786606273039018590000000 0.0376352166808189490000000
242 0.0766244943845281880000000 0.0564994202353818820000000
243 0.0831563582160926430000000 0.0155145982251585850000000
244 0.0788060655604035930000000 0.0454165891998622520000000
245 0.0457489873802812900000000 0.0700687718575432470000000
246 0.0168312471583820410000000 0.0754892854947188520000000
247 0.0277743032318964290000000 0.0530723832648980210000000
248 0.0255138307895229310000000 0.0117196512219039650000000
249 0.0872126983223013710000000 0.0226000598202971450000000
250 0.0127452511009741530000000 0.0688143372350476100000000
251 0.0710682995600106500000000 0.0282942417295657630000000
252 0.0567772006332166180000000 0.0778966074328851510000000
253 0.0041571732795722986000000 0.0844772993708103460000000
254 0.0878819991630768180000000 0.0174750392806149320000000
255 0.0536530962362216090000000 0.0709625376156178680000000
256 0.0734783004170581210000000 0.0522914232963450630000000
257 0.0291834773323460320000000 0.0609621777095324740000000
258 0.0179121337179520940000000 0.0885103321550104460000000
259 0.0281556584140392090000000 0.0042142175766044466000000
260 0.0750517052864655140000000 0.0310853301484644710000000
261 0.0707468054347436680000000 0.0380049549955780580000000
262 0.0188597516587870120000000 0.0796465005528796680000000
263 0.0328544079350612320000000 0.0743905623533795830000000
264 0.0619126318040108470000000 0.0046812732281708213000000
265 0.0510167154694517660000000 0.0442619824373975610000000
266 0.0340394318611923550000000 0.0061234075704971001000000
267 0.0162008113780161450000000 0.0306539178158905380000000
268 0.0421339173158988900000000 0.0354125168107401670000000
269 0.0195711129926086220000000 0.0668727608920580700000000
270 0.0163946401769359850000000 0.0506306425803459210000000
271 0.0110681536733341410000000 0.0262784069116347440000000
272 0.0424169346636535940000000 0.0188963428974834630000000
273 0.0225387992371430710000000 0.0245128645961994220000000
274 0.0466043365536740400000000 0.0171747379646105290000000
275 0.0522622811579597290000000 0.0053694735827727567000000
276 0.0291557757394566750000000 0.0696183104834572490000000
277 0.0376838556269969910000000 0.0411192242333739340000000
278 0.0636004795441618140000000 0.0426364077837356470000000
279 0.0150562837861670950000000 0.0410146051571012510000000
280 0.0612819523971112130000000 0.0179612880389924820000000
281 0.0557782200419486700000000 0.0358769905776321830000000
282 0.0641656199250326960000000 0.0530433479749295790000000
283 0.0461053988112720140000000 0.0831942927782886450000000
284 0.0393327891390917450000000 0.0101853103234180850000000
285 0.0824262900658481320000000 0.0361836043874395470000000
286 0.0304103963250219390000000 0.0360024875196577960000000
287 0.0340832372337221200000000 0.0322878780433865710000000
288 0.0268212022251037710000000 0.0281840720001395700000000
289 0.0545563271964835880000000 0.0539323831953210310000000
290 0.0688116219141645810000000 0.0663751448744020890000000
291 0.0587120082366390310000000 0.0316917910632491460000000
292 0.0363305944060258600000000 0.0245734846248605800000000
293 0.0327739283814679830000000 0.0219596023123431880000000
294 0.0324758847641612170000000 0.0530339963844426440000000
295 0.0100732125711636820000000 0.0646753667871612790000000
296 0.0254407790729608980000000 0.0425299402570266660000000
297 0.0206812022250565000000000 0.0400518760941805520000000
298 0.0118554067769429520000000 0.0159315284244344840000000
299 0.0516518438080918810000000 0.0321379624606469430000000
300 0.0457937533219051060000000 0.0269937139158880140000000
301 0.0621718379928465560000000 0.0225568441963401140000000
302 0.0468191486659228220000000 0.0047158633773239965000000
303 0.0636676145049857590000000 0.0600736236184630650000000
304 0.0495164027339545370000000 0.0597234120563014180000000
305 0.0691044491789833130000000 0.0183070398671232110000000
306 0.0522427007565191210000000 0.0233512869403414530000000
307 0.0045755463650367237000000 0.0690185571561329620000000
308 0.0607013985913000060000000 0.0671169214698246470000000
309 0.0190010559266391260000000 0.0715638093237626480000000
310 0.0749791619460744710000000 0.0358056383691733800000000
311 0.0550873250302943360000000 0.0278113673608802980000000
312 0.0788146251848770710000000 0.0293341184601778220000000
313 0.0623537786730352510000000 0.0093499760725059052000000
314 0.0341729236205517220000000 0.0486141490410783580000000
315 0.0742108159418404660000000 0.0604701364410317540000000
316 0.0212081560191346410000000 0.0345655015903274030000000
317 0.0033746320713133075000000 0.0603528584323872880000000
318 0.0450098720090451810000000 0.0788472947466226930000000
319 0.0159576476813207860000000 0.0202564227570197830000000
320 0.0188489127958813560000000 0.0146098107057902800000000
321 0.0123658088936945860000000 0.0481593896046970670000000
322 0.0446615576560530640000000 0.0092513104237198270000000
323 0.0081798814449550901000000 0.0568177215364814030000000
324 0.0302049143129496790000000 0.0123048589975902950000000
325 0.0892436977849495330000000 0.0363147676547023870000000
326 0.0677445750283705850000000 0.0306927441341108450000000
327 0.0535027739034778650000000 0.0802252523128997170000000
328 0.0553169401383451290000000 0.0628766399685552340000000
329 0.0184192424307951450000000 0.0109071461803378860000000
330 0.0702504497190539480000000 0.0489933777800710260000000
331 0.0396422864660170020000000 0.0571365030010624540000000
332 0.0302728882833226100000000 0.0448444167299308220000000
333 0.0662518645299483290000000 0.0035896308500840300000000
334 0.0761222701692837320000000 0.0217061597424524390000000
335 0.0861356485809813000000000 0.0427954355009074890000000
336 0.0687673248179449390000000 0.0569923987678404990000000
337 0.0669391797762365900000000 0.0348152562799936700000000
338 0.0230752835627587410000000 0.0154790936652489300000000
339 0.0305231731516015900000000 0.0788694082904187050000000
340 0.0499933186861333400000000 0.0719438063446294210000000
341 0.0260547440761302280000000 0.0577719419717506940000000
342 0.0331642252427102530000000 0.0610270804503627790000000
343 0.0514348215431386440000000 0.0493865756596369510000000
344 0.0482046494139326260000000 0.0130664516336311460000000
345 0.0184522716673507360000000 0.0616447892199626160000000
346 0.0613199798110185550000000 0.0508266352592626900000000
347 0.0259668393350218110000000 0.0329091660060444390000000
348 0.0551825632280448860000000 0.0454005958942561640000000
349 0.0428396195054382080000000 0.0306890857431330320000000
350 0.0486430872126396020000000 0.0404350732337157360000000
351 0.0566914417102605470000000 0.0163695996241448210000000
352 0.0329775353271146290000000 0.0405998649435073200000000
353 0.0394095683819743750000000 0.0374340816183386870000000
354 0.0467115880123256110000000 0.0351555044456918070000000
355 0.0251011915995231030000000 0.0196903705384113110000000
356 0.0193402298224044230000000 0.0272117077399741810000000
357 0.0200294891164723950000000 0.0475949495234237190000000
358 0.0186800280577562280000000 0.0437819868691196120000000
359 0.0533358661396204710000000 0.0406775656295546360000000
360 0.0047993601728148786000000 0.0574685264025571950000000
361 0.0293619015372667100000000 0.0195281182562120240000000
362 0.0163251674414153500000000 0.0687642412803888830000000
363 0.0318522830884830840000000 0.0096060625432453917000000
364 0.0118297673417438500000000 0.0444927374140357960000000
365 0.0386219381760788270000000 0.0335662184969803060000000

NELEMS 672
0 45 3 290
1 19 0 74
2 0 4 74
3 4 5 73
4 73 5 184
5 5 6 184
6 18 1 62
7 184 6 204
8 20 19 72
9 21 20 130
10 22 21 167
11 6 7 204
12 204 7 259
13 259 8 266
14 8 9 266
15 9 10 188
16 188 10 302
17 10 11 302
18 23 22 215
19 189 103 344
20 264 13 333
21 162 12 264
22 14 15 124
23 15 16 123
24 16 17 89
25 89 17 127
26 17 18 127
27 62 34 94
28 24 23 213
29 25 24 175
30 26 25 160
31 27 26 203
32 28 27 317
33 36 37 91
34 91 37 166
35 37 38 166
36 166 38 223
37 38 39 223
38 223 39 325
39 29 28 219
40 222 40 335
41 41 42 168
42 30 29 173
43 42 43 121
44 242 44 315
45 31 30 128
46 32 31 253
47 33 32 172
48 63 33 172
49 198 45 290
50 46 47 122
51 57 2 63
52 122 47 252
53 47 48 252
54 129 63 172
55 2 33 63
56 252 48 327
57 92 52 125
58 125 53 169
59 155 122 252
60 121 43 242
61 43 44 242
62 51 52 92
63 173 29 307
64 1 34 62
65 34 35 94
66 169 54 176
67 54 55 176
68 158 58 232
69 291 97 311
70 293 64 361
71 160 25 175
72 119 55 182
73 114 60 334
74 120 59 236
75 183 70 339
76 172 32 253
77 55 56 182
78 279 76 297
79 89 71 115
80 229 65 357
81 151 59 195
82 39 40 325
83 94 35 126
84 95 21 130
85 72 19 74
86 95 61 298
87 61 72 73
88 73 72 74
89 4 73 74
90 218 114 334
91 12 13 264
92 204 83 329
93 232 58 350
94 210 66 261
95 156 67 237
96 239 82 331
97 52 53 125
98 93 69 313
99 273 64 288
100 214 66 278
101 221 133 278
102 212 65 341
103 164 67 224
104 152 67 245
105 165 78 276
106 268 58 353
107 72 61 130
108 221 77 348
109 235 80 312
110 125 70 183
111 3 46 231
112 264 93 313
113 18 62 127
114 246 59 262
115 225 81 295
116 90 68 119
117 119 68 258
118 35 36 126
119 159 60 243
120 56 57 129
121 118 68 177
122 115 71 243
123 161 79 326
124 53 54 169
125 152 78 238
126 114 69 171
127 123 86 124
128 94 71 178
129 243 71 254
130 201 102 287
131 230 116 329
132 154 101 270
133 158 82 314
134 193 79 301
135 202 75 300
136 197 106 343
137 209 98 282
138 260 80 310
139 201 64 293
140 208 85 328
141 205 49 283
142 219 28 317
143 154 65 212
144 207 75 274
145 287 102 365
146 194 75 306
147 274 132 344
148 213 23 215
149 297 76 316
150 118 87 227
151 250 81 362
152 121 84 244
153 294 157 314
154 21 95 167
155 332 96 352
156 239 143 294
157 269 81 345
158 241 80 285
159 126 91 254
160 261 66 337
161 44 45 315
162 50 51 228
163 155 100 340
164 212 105 345
165 128 87 180
166 222 110 285
167 326 113 337
168 71 126 254
169 124 86 171
170 115 86 181
171 114 86 174
172 61 73 116
173 338 163 355
174 128 30 173
175 68 90 117
176 195 59 309
177 246 150 309
178 120 88 170
179 129 90 182
180 120 70 179
181 68 118 170
182 147 84 210
183 147 110 244
184 49 50 283
185 164 85 255
186 16 89 123
187 123 89 181
188 69 93 171
189 15 123 124
190 169 88 179
191 228 92 240
192 36 91 126
193 71 94 126
194 71 89 178
195 62 94 127
196 173 112 227
197 177 117 180
198 57 63 129
199 117 90 172
200 20 72 130
201 61 95 130
202 218 146 251
203 206 69 280
204 320 83 338
205 11 12 275
206 350 58 354
207 281 133 359
208 199 98 303
209 199 77 346
210 202 102 292
211 288 135 347
212 167 95 216
213 216 104 271
214 266 99 363
215 217 99 284
216 289 197 343
217 158 106 233
218 234 76 279
219 297 139 358
220 281 97 291
221 353 187 365
222 183 111 240
223 196 111 263
224 160 101 203
225 250 112 295
226 165 105 257
227 237 108 331
228 190 104 319
229 216 95 298
230 217 132 272
231 248 145 324
232 251 146 260
233 193 69 305
234 261 113 310
235 210 84 330
236 209 134 330
237 198 98 336
238 220 109 235
239 40 41 335
240 269 195 309
241 170 118 262
242 263 111 339
243 70 120 236
244 224 67 304
245 239 108 342
246 122 85 308
247 231 122 308
248 257 143 342
249 203 101 323
250 196 100 318
251 255 155 340
252 152 108 237
253 156 106 197
254 191 96 296
255 247 157 294
256 350 186 359
257 296 96 332
258 174 115 243
259 166 109 249
260 270 101 321
261 175 24 213
262 306 131 311
263 349 140 354
264 13 14 333
265 207 103 351
266 217 137 226
267 204 145 248
268 196 152 245
269 85 122 255
270 257 105 341
271 195 105 276
272 223 149 235
273 220 159 249
274 216 144 319
275 267 136 271
276 168 121 244
277 42 121 168
278 170 88 258
279 88 120 179
280 176 119 258
281 59 120 262
282 86 114 171
283 93 124 171
284 180 117 253
285 90 129 172
286 219 112 307
287 87 128 173
288 60 114 174
289 86 115 174
290 213 136 234
291 107 160 175
292 55 119 176
293 88 169 176
294 68 117 177
295 87 118 177
296 127 94 178
297 89 127 178
298 70 125 179
299 125 169 179
300 31 128 253
301 87 177 180
302 89 115 181
303 86 123 181
304 90 119 182
305 56 129 182
306 92 125 183
307 196 141 240
308 116 73 184
309 116 204 329
310 234 136 267
311 267 104 356
312 214 133 281
313 300 140 349
314 316 185 347
315 211 158 314
316 272 132 274
317 284 188 322
318 162 103 275
319 302 189 322
320 248 163 338
321 201 135 288
322 229 139 296
323 267 185 316
324 160 107 364
325 321 160 364
326 69 114 305
327 79 161 200
328 322 189 344
329 281 186 299
330 263 151 276
331 105 165 276
332 283 141 318
333 78 152 196
334 199 138 289
335 197 138 304
336 209 148 336
337 231 153 290
338 198 153 303
339 85 164 224
340 200 131 301
341 299 194 311
342 286 135 287
343 226 137 293
344 292 201 293
345 194 140 300
346 225 142 323
347 26 160 203
348 7 8 259
349 116 184 204
350 228 141 283
351 100 155 205
352 103 162 206
353 280 193 301
354 207 131 306
355 69 193 280
356 98 198 303
357 138 199 208
358 221 134 346
359 84 121 256
360 214 161 337
361 256 209 330
362 286 187 352
363 58 158 277
364 229 157 247
365 225 154 345
366 230 144 298
367 107 175 213
368 210 134 278
369 200 161 291
370 22 167 215
371 136 213 215
372 215 167 271
373 136 215 271
374 266 188 284
375 202 137 272
376 220 146 334
377 79 193 218
378 227 112 250
379 317 27 360
380 260 146 312
381 60 159 220
382 66 210 278
383 98 199 282
384 110 147 241
385 168 110 335
386 222 149 325
387 109 166 223
388 67 156 304
389 224 138 328
390 219 142 295
391 101 154 225
392 355 163 361
393 99 217 226
394 105 195 269
395 87 173 227
396 51 92 228
397 92 183 240
398 65 154 270
399 314 157 332
400 61 116 230
401 190 144 320
402 46 122 231
403 208 153 308
404 106 158 232
405 265 232 350
406 106 156 233
407 82 158 233
408 296 139 297
409 107 213 234
410 146 220 312
411 109 223 235
412 59 151 236
413 236 151 339
414 67 152 237
415 238 165 342
416 108 152 238
417 78 165 238
418 233 156 331
419 82 233 331
420 111 196 240
421 141 228 240
422 235 149 285
423 149 222 285
424 242 148 256
425 198 148 315
426 249 159 254
427 60 174 243
428 84 147 244
429 110 168 244
430 67 164 245
431 100 196 245
432 227 150 246
433 118 227 246
434 247 143 341
435 65 229 247
436 226 163 324
437 83 204 248
438 91 166 249
439 109 220 249
440 112 219 295
441 150 227 250
442 251 113 326
443 79 218 251
444 48 49 327
445 205 155 327
446 117 172 253
447 128 180 253
448 159 243 254
449 91 249 254
450 122 155 255
451 245 164 340
452 148 209 256
453 121 242 256
454 105 212 341
455 108 238 342
456 68 170 258
457 88 176 258
458 99 226 324
459 145 204 259
460 241 147 310
461 113 251 260
462 147 210 261
463 80 241 310
464 120 170 262
465 118 246 262
466 78 196 263
467 111 183 339
468 124 93 333
469 206 162 313
470 133 221 348
471 106 232 343
472 9 188 266
473 145 259 266
474 273 185 356
475 76 234 267
476 299 186 354
477 277 211 352
478 154 212 345
479 309 150 362
480 101 160 321
481 270 192 357
482 167 216 271
483 104 267 271
484 75 202 272
485 137 217 272
486 286 191 347
487 104 190 273
488 103 207 344
489 75 272 274
490 12 162 275
491 103 189 275
492 151 195 276
493 78 263 276
494 158 211 277
495 277 187 353
496 133 214 278
497 134 221 278
498 135 286 347
499 107 234 279
500 280 131 351
501 103 206 351
502 348 265 359
503 131 200 311
504 134 209 282
505 282 199 346
506 141 196 318
507 50 228 283
508 132 217 284
509 99 266 284
510 80 235 285
511 110 241 285
512 349 268 365
513 96 191 286
514 135 201 287
515 187 286 287
516 64 201 288
517 185 273 288
518 138 197 289
519 77 199 289
520 153 198 290
521 3 231 290
522 161 214 291
523 214 281 291
524 102 201 292
525 137 202 292
526 163 226 361
527 137 292 293
528 82 239 294
529 143 247 294
530 142 225 295
531 81 250 295
532 357 192 358
533 187 277 352
534 192 279 358
535 191 296 297
536 144 216 298
537 61 230 298
538 140 194 299
539 97 281 299
540 75 194 300
541 102 202 349
542 79 200 301
543 131 280 301
544 275 189 302
545 11 275 302
546 208 199 303
547 153 208 303
548 156 197 304
549 138 224 304
550 218 193 305
551 114 218 305
552 200 291 311
553 75 207 306
554 112 173 307
555 29 219 307
556 85 208 308
557 153 231 308
558 59 246 309
559 150 250 362
560 113 260 310
561 147 261 310
562 97 299 311
563 194 306 311
564 220 235 312
565 80 260 312
566 69 206 313
567 162 264 313
568 157 229 332
569 82 294 314
570 45 198 315
571 148 242 315
572 76 267 316
573 191 297 316
574 323 142 360
575 142 219 317
576 100 205 318
577 205 283 318
578 144 190 319
579 104 216 319
580 273 190 355
581 144 230 320
582 279 192 364
583 192 270 321
584 132 284 322
585 188 302 322
586 27 203 360
587 101 225 323
588 163 248 324
589 324 145 363
590 40 222 325
591 149 223 325
592 66 214 337
593 79 251 326
594 49 205 327
595 155 252 327
596 138 208 328
597 85 224 328
598 320 230 329
599 83 320 329
600 134 210 330
601 84 256 330
602 156 237 331
603 108 239 331
604 229 296 332
605 211 314 332
606 14 124 333
607 93 264 333
608 146 218 334
609 60 220 334
610 41 168 335
611 110 222 335
612 148 198 336
613 98 209 336
614 113 261 337
615 161 326 337
616 83 248 338
617 190 320 338
618 70 236 339
619 151 263 339
620 100 245 340
621 164 255 340
622 65 247 341
623 143 257 341
624 143 239 342
625 165 257 342
626 232 265 343
627 77 289 343
628 207 274 344
629 132 322 344
630 81 225 345
631 105 269 345
632 77 221 346
633 134 282 346
634 185 288 347
635 191 316 347
636 343 265 348
637 77 343 348
638 58 268 354
639 202 300 349
640 186 281 359
641 140 299 354
642 131 207 351
643 206 280 351
644 96 286 352
645 211 332 352
646 187 287 365
647 58 277 353
648 268 349 354
649 186 350 354
650 64 273 355
651 190 338 355
652 185 267 356
653 104 273 356
654 139 229 357
655 65 270 357
656 279 297 358
657 139 357 358
658 133 348 359
659 265 350 359
660 142 317 360
661 203 323 360
662 226 293 361
663 64 355 361
664 81 269 362
665 269 309 362
666 145 266 363
667 99 324 363
668 107 279 364
669 192 321 364
670 102 349 365
671 268 353 365

ZEROCONS
0 1 2 3 4 5 6 7 8 9 10 11 12 13 14 15 16 17 18 19 20 21 22 23 24 25 26 27 28 29 30 31 32 33 34 35 36 37 38 39 40 41 42 43 44 45 46 47 48 49 50 51 52 53 54 55 56 57 