NNODES 22
0 0.0000000000000000000000000 0.0000000000000000000000000
1 0.1000000000000000100000000 0.0000000000000000000000000
2 0.0000000000000000000000000 0.1000000000000000100000000
3 0.0707106781186547380000000 0.0707106781186547660000000
4 0.0250000000000000010000000 0.0000000000000000000000000
5 0.0500000000000000030000000 0.0000000000000000000000000
6 0.0750000000000000110000000 0.0000000000000000000000000
7 0.0000000000000000000000000 0.0250000000000000010000000
8 0.0000000000000000000000000 0.0500000000000000030000000
9 0.0000000000000000000000000 0.0750000000000000110000000
10 0.0965925826289068400000000 0.0258819045102520810000000
11 0.0866025403784438650000000 0.0500000000000000170000000
12 0.0499999999999999890000000 0.0866025403784438790000000
13 0.0258819045102520980000000 0.0965925826289068260000000
14 0.0478743040767905460000000 0.0397162155099031400000000
15 0.0256303399538753420000000 0.0698736024469025220000000
16 0.0252742761965703800000000 0.0301881250361543220000000
17 0.0700141559518236980000000 0.0303746071790067900000000
18 0.0481549853495488660000000 0.0611416673673846260000000
19 0.0647559479566257030000000 0.0503330187088306540000000
20 0.0489269916200453860000000 0.0166665411051254260000000
21 0.0294903521267168910000000 0.0501053629065361520000000

NELEMS 28
0 11 3 19
1 6 1 10
2 0 4 7
3 7 4 16
4 16 4 20
5 4 5 20
6 17 11 19
7 8 7 16
8 5 6 20
9 9 8 15
10 2 9 13
11 13 9 15
12 6 10 17
13 3 12 18
14 12 13 15
15 15 8 21
16 17 14 20
17 16 14 21
18 10 11 17
19 18 14 19
20 18 15 21
21 12 15 18
22 14 17 19
23 3 18 19
24 14 16 20
25 6 17 20
26 8 16 21
27 14 18 21

ZEROCONS
0 1 2 3 4 5 6 7 8 9 11 12 13 