NNODES 21
0 2.1955093992831465e-18 0.0
1 0.016666666666666732 2.8189256484623115e-18
2 0.012549603174603182 0.012549603174603156
3 0.049999999999999975 -2.1590869825512116e-18
4 0.050000000000000024 0.01666666666666671
5 0.03594606331356645 0.014053936686433578
6 0.05000000000000002 0.05000000000000002
7 0.03333333333333328 0.05000000000000001
8 0.03541666666666666 0.03541666666666665
9 1.734723475976807e-18 0.04999999999999999
10 -1.3010426069826053e-18 0.033333333333333263
11 0.01405393668643356 0.035946063313566444
12 0.033333333333333354 -3.816464638174174e-18
13 1.6263032587282567e-18 0.016666666666666642
14 0.01666666666666664 0.049999999999999996
15 0.05000000000000001 0.03333333333333337
16 0.025000000000000005 0.024999999999999984
17 0.02500000000000003 0.00863095238095236
18 0.008630952380952366 0.024999999999999953
19 0.0413690476190476 0.025
20 0.024999999999999998 0.0413690476190476

NELEMS 28
0 0 1 2
1 3 4 5
2 6 7 8
3 9 10 11
4 3 5 12
5 0 2 13
6 9 11 14
7 6 8 15
8 16 2 17
9 16 11 18
10 16 18 2
11 16 17 5
12 16 19 8
13 16 8 20
14 16 20 11
15 16 5 19
16 4 15 19
17 7 14 20
18 1 12 17
19 10 13 18
20 15 8 19
21 14 11 20
22 1 17 2
23 10 18 11
24 12 5 17
25 13 2 18
26 4 19 5
27 7 20 8

ZEROCONS
0 1 3 4 6 7 9 10 12 13 14 15
