NNODES 69
0 7.601061910422862e-19 -4.2032122597123375e-18
1 0.008333333333333356 -8.673617379884018e-19
2 0.01666666666666672 -4.079310673976711e-18
3 0.006274801587301593 0.006274801587301581
4 0.014608134920634954 0.006274801587301584
5 0.012549603174603192 0.012549603174603158
6 0.04999999999999999 6.62857011867255e-18
7 0.05000000000000003 0.00833333333333336
8 0.049999999999999975 0.01666666666666671
9 0.04297303165678319 0.00702696834321678
10 0.04297303165678322 0.015360301676550146
11 0.035946063313566444 0.014053936686433571
12 0.05000000000000003 0.05000000000000002
13 0.041666666666666616 0.05
14 0.033333333333333284 0.049999999999999996
15 0.042708333333333355 0.042708333333333286
16 0.03437499999999999 0.042708333333333355
17 0.03541666666666668 0.035416666666666666
18 3.415236843329339e-18 0.04999999999999998
19 3.2526065174565133e-18 0.04166666666666664
20 1.6263032587282567e-18 0.03333333333333327
21 0.007026968343216775 0.04297303165678322
22 0.007026968343216778 0.03463969832344986
23 0.014053936686433562 0.03594606331356641
24 0.04166666666666673 2.168404344971009e-18
25 0.03463969832344991 0.007026968343216784
26 0.033333333333333354 -2.168404344971009e-19
27 1.0842021724855044e-18 0.008333333333333326
28 0.00627480158730159 0.014608134920634893
29 8.673617379884035e-19 0.016666666666666625
30 0.00833333333333332 0.049999999999999996
31 0.015360301676550104 0.04297303165678323
32 0.016666666666666642 0.05
33 0.04999999999999996 0.041666666666666685
34 0.042708333333333376 0.03437500000000006
35 0.050000000000000024 0.033333333333333354
36 0.02500000000000001 0.024999999999999998
37 0.018774801587301587 0.01877480158730158
38 0.02500000000000003 0.01681547619047618
39 0.01877480158730161 0.010590277777777752
40 0.02500000000000003 0.008630952380952362
41 0.01952696834321676 0.030473031656783212
42 0.016815476190476193 0.024999999999999974
43 0.011342444533692958 0.0304730316567832
44 0.008630952380952362 0.024999999999999963
45 0.010590277777777771 0.018774801587301566
46 0.030473031656783216 0.01952696834321678
47 0.030473031656783223 0.01134244453369297
48 0.0331845238095238 0.025000000000000012
49 0.0413690476190476 0.025000000000000012
50 0.030208333333333334 0.030208333333333327
51 0.03839285714285712 0.030208333333333327
52 0.02500000000000001 0.03318452380952378
53 0.03020833333333331 0.03839285714285714
54 0.02499999999999999 0.041369047619047604
55 0.019526968343216766 0.03865755546630703
56 0.03865755546630702 0.019526968343216773
57 0.05000000000000002 0.025000000000000057
58 0.04568452380952379 0.02083333333333337
59 0.045684523809523786 0.029166666666666664
60 0.024999999999999946 0.05000000000000002
61 0.02916666666666666 0.04568452380952379
62 0.02083333333333331 0.04568452380952377
63 0.025000000000000026 8.673617379884035e-19
64 0.020833333333333367 0.004315476190476182
65 0.02916666666666673 0.004315476190476179
66 -2.168404344971009e-18 0.02499999999999996
67 0.004315476190476184 0.02916666666666662
68 0.004315476190476182 0.020833333333333308

NELEMS 28
0 0 1 2 3 4 5
1 6 7 8 9 10 11
2 12 13 14 15 16 17
3 18 19 20 21 22 23
4 6 9 11 24 25 26
5 0 3 5 27 28 29
6 18 21 23 30 31 32
7 12 15 17 33 34 35
8 36 37 5 38 39 40
9 36 41 23 42 43 44
10 36 42 44 37 45 5
11 36 38 40 46 47 11
12 36 48 49 50 51 17
13 36 50 17 52 53 54
14 36 52 54 41 55 23
15 36 46 11 48 56 49
16 8 57 35 58 59 49
17 14 60 32 61 62 54
18 2 63 26 64 65 40
19 20 66 29 67 68 44
20 35 34 17 59 51 49
21 32 31 23 62 55 54
22 2 64 40 4 39 5
23 20 67 44 22 43 23
24 26 25 11 65 47 40
25 29 28 5 68 45 44
26 8 58 49 10 56 11
27 14 61 54 16 53 17

ZEROCONS
0 1 2 6 7 8 12 13 14 18 19 20 24 26 27 29 30 32 33 35 57 60 63 66
