NNODES 801
0 0.007216941869922861 0.032229890916182447
1 0.00512598770195332 0.031366537227190135
2 0.003035033533983779 0.030503183538197837
3 0.006361447125437624 0.029435854286164555
4 0.004270492957468075 0.028572500597172246
5 0.005505952380952374 0.02664181765614665
6 0.018242359603982395 0.0071427340321764425
7 0.018908942242906016 0.005082699796601236
8 0.019575524881829634 0.0030226655610260415
9 0.020800270973917883 0.00632434320656441
10 0.021466853612841508 0.004264308970989207
11 0.023358182343853364 0.0055059523809523735
12 0.04278319628298595 0.017773414457728884
13 0.044874092887243464 0.018635390907591493
14 0.04696498949150104 0.01949736735745406
15 0.04363862195101688 0.020565798400791115
16 0.0457295185552743 0.021427774850653693
17 0.04449404761904763 0.023358182343853368
18 0.03205767254478755 0.042361812916702324
19 0.031266076510543125 0.04462828592357804
20 0.030474480476298676 0.04689475893045374
21 0.029349745100467107 0.04342793026787496
22 0.028558149066222626 0.04569440327475066
23 0.026641817656146663 0.044494047619047586
24 0.05000000000000002 0.012500000000000048
25 0.04728383785276879 0.012763604282621709
26 0.0445676757055376 0.013027208565243411
27 0.04786079586564649 0.01088517034932051
28 0.04514463371841532 0.011148774631942198
29 0.045721591731293 0.00927034069864097
30 -1.0842021724855044e-19 0.037499999999999964
31 0.0027161621472312 0.037236395717378266
32 0.005432324294462396 0.03697279143475657
33 0.0021392041343534984 0.03911482965067948
34 0.004855366281584702 0.0388512253680578
35 0.004278408268706999 0.040729659301359016
36 0.03749999999999998 0.049999999999999996
37 0.037236395717378246 0.047283837852768865
38 0.036972791434756604 0.044567675705537595
39 0.0391148296506795 0.047860795865646455
40 0.03885122536805778 0.04514463371841529
41 0.04072965930135903 0.045721591731293004
42 0.012500000000000042 5.692061405548898e-19
43 0.012569611844001755 0.0027342106324770164
44 0.012639223688003506 0.005468421264954031
45 0.010753203077288156 0.0018312396265922131
46 0.01082281492128988 0.004565450259069231
47 0.009006406154576261 0.00366247925318443
48 0.01481131255912706 0.029578193023441165
49 0.012554491135099518 0.028864556514722813
50 0.010297669711071987 0.028150920006004457
51 0.014625253516257177 0.027861352828735704
52 0.01236843209222967 0.027147716320017348
53 0.01443919447338733 0.026144512634030205
54 -5.692061405548898e-19 0.012499999999999983
55 0.002065776199088821 0.011287338873407885
56 0.004131552398177635 0.010074677746815789
57 0.0013755157897285535 0.013371736318988808
58 0.0034412919888173682 0.012159075192396729
59 0.002751031579457104 0.014243472637977648
60 0.0375 2.0328790734103208e-19
61 0.03883054302993726 0.001671214255009712
62 0.04016108605987447 0.0033424285100194214
63 0.03645833333333336 0.0012697784714554637
64 0.03778887636327059 0.002940992726465171
65 0.03541666666666669 0.002539556942910925
66 0.01249999999999998 0.049999999999999996
67 0.011169456970062766 0.04832878574499031
68 0.009838913940125532 0.046657571489980586
69 0.013541666666666643 0.048730221528544525
70 0.012211123636729425 0.047059007273534854
71 0.014583333333333306 0.04746044305708905
72 0.050000000000000024 0.0375
73 0.048328785744990284 0.038830543029937215
74 0.046657571489980586 0.04016108605987449
75 0.04873022152854451 0.036458333333333384
76 0.04705900727353487 0.03778887636327058
77 0.047460443057089054 0.03541666666666668
78 0.030355645132232625 0.013299265437950417
79 0.029450268917967055 0.01138276718397304
80 0.02854489270370147 0.009466268929995667
81 0.03175904737608905 0.011989390908790235
82 0.03085367116182347 0.010072892654812848
83 0.03316244961994541 0.010679516379630034
84 0.01302720856524342 0.0445676757055376
85 0.01380527094928836 0.04601405938131332
86 0.011433061252684472 0.04561262359775905
87 0.005996328656023555 0.014148912315949716
88 0.0043736801177403336 0.014196192476963689
89 0.0050639405271005935 0.012111795031382759
90 0.03697279143475657 0.00543232429446239
91 0.036194729050711624 0.003985940618686659
92 0.03856693874731555 0.0043873764022409065
93 0.04456767570553759 0.03697279143475658
94 0.04601405938131333 0.036194729050711645
95 0.045612623597759056 0.03856693874731552
96 0.008757305790497421 0.03019040546109345
97 0.007901811046012182 0.027396368831075543
98 0.041601568630800424 0.019782219060928932
99 0.042456994298831215 0.022574603003991164
100 0.040419940978614954 0.02179102366412899
101 0.007540149548884806 0.017601243615907033
102 0.005583713195984555 0.01771417503818156
103 0.003627276843084316 0.017827106460456127
104 0.006768239102454179 0.01587507796592838
105 0.004811802749553937 0.015988009388202922
106 0.03173914489739019 0.0074837665645972615
107 0.03245079725866777 0.009081641472113659
108 0.03014201880054586 0.008475017747296462
109 0.04216593708459257 0.0413357802416069
110 0.04096146237570668 0.039409563473787615
111 0.03975698766682086 0.037483346705968375
112 0.043366806395065155 0.03915428583818175
113 0.0421623316861792 0.037228069070362475
114 0.008664219758393123 0.04216593708459258
115 0.01057347948163978 0.040964899023180366
116 0.012482739204886451 0.03976386096176815
117 0.010845714161818272 0.043366806395065086
118 0.012754973885064932 0.04216576833365288
119 0.04133578024160688 0.00783406291540743
120 0.039423977276353515 0.009056118266507823
121 0.03751217431110012 0.010278173617608206
122 0.03915428583818174 0.0066331936049349146
123 0.037242482872928355 0.007855248956035291
124 0.008664219758393122 0.007834062915407433
125 0.010651721723198304 0.006651242090180729
126 0.010415285620220656 0.009114773185054216
127 0.012402787585025853 0.007931952359827531
128 0.012166351482048208 0.010395483454701013
129 0.019938449930369407 0.008293100564832515
130 0.02249636130030485 0.007474709739220485
131 0.021634540256756367 0.009443467097488587
132 0.02988100781964866 0.0413354908638735
133 0.027173080375328187 0.04240160821504618
134 0.027704343094509736 0.04030916881104478
135 0.0414089679228185 0.015967415509378288
136 0.04003473956265108 0.014161416561027733
137 0.043675435994261734 0.015400311511486155
138 0.0423012076340944 0.013594312563135584
139 0.00859399163956977 0.03405740038145607
140 0.009971041409216681 0.03588490984672968
141 0.006324633082192636 0.0346013411754695
142 0.007701682851839535 0.0364288506407431
143 0.008720793371486934 0.015989213239271504
144 0.007948882925056317 0.01426304758929285
145 0.00990143719408906 0.014377182862635977
146 0.03406812513015712 0.041139152475443815
147 0.03607857771552661 0.03991649203418532
148 0.034515231989772056 0.04346474431111998
149 0.03652568457514158 0.04224208386986147
150 0.02157738095238094 0.031994047619047616
151 0.02067717913345593 0.0345832055998365
152 0.019776977314530944 0.0371723635806254
153 0.01949262803687786 0.03233881150488844
154 0.018592426217952897 0.03492796948567734
155 0.017407875121374806 0.03268357539072926
156 0.01468874024038577 0.035781475769571476
157 0.016048307680880294 0.03423252558015033
158 0.017232858777458334 0.03647691967509841
159 0.013522389329299533 0.03413198150247987
160 0.012356038418213285 0.032482487235388185
161 0.01488195676979406 0.03258303131305872
162 0.016109593840250933 0.031130884207085235
163 0.01358367548867016 0.031030340129414653
164 0.01744818783711775 0.02419579164055263
165 0.017735786727310292 0.026528778531178736
166 0.01802338561750285 0.028861765421804825
167 0.015943691155252543 0.025170152137291405
168 0.016231290045445105 0.027503139027917532
169 0.025 0.038988095238095204
170 0.022388488657265494 0.03808022940936029
171 0.02460815606854691 0.03701261207587822
172 0.021996644725812434 0.03610474624714331
173 0.02421631213709394 0.03503712891366122
174 0.01605873055209855 0.022061981199933807
175 0.014669273267079359 0.019928170759315
176 0.01802260855677768 0.022346861333637894
177 0.016633151271758493 0.02021305089301906
178 0.018597029276437613 0.020497931026723138
179 0.011038947874684553 0.024871561222679306
180 0.012739071174035917 0.025508036928354738
181 0.010668308792878275 0.02651124061434188
182 0.022896846544737403 0.03351558826635447
183 0.035363561525159154 0.014425536892218436
184 0.033901247510396595 0.015927238795823875
185 0.03243893349563406 0.017428940699429334
186 0.032859603328695856 0.013862401165084423
187 0.031397289313933374 0.015364103068689884
188 0.01424366101048498 0.015053329141762583
189 0.01580822257258122 0.01639694102954927
190 0.017372784134677473 0.017740552917335978
191 0.014456467138782167 0.017490749950538786
192 0.01602102870087842 0.018834361838325493
193 0.012773370489636622 0.01631841922176937
194 0.01298617661793381 0.018755840030545562
195 0.011303079968788265 0.017583509301776157
196 0.015492511433846641 0.023725904981667753
197 0.013536835030575503 0.023256018322782887
198 0.014103054148827426 0.02159209454104894
199 0.04482318428949545 0.016833172933573746
200 0.045715424000771304 0.014460069987331025
201 0.0468631722960049 0.015892931409418627
202 0.005176900904798329 0.03316886538033822
203 0.0042845921170681 0.03554031563962532
204 0.003136859939673806 0.03410783984449401
205 0.03306266405131137 0.044563331213620556
206 0.03552022349629591 0.04566626260803811
207 0.034067655557835225 0.04676484951053874
208 0.02343449896121194 0.04013419626367605
209 0.021868997922423895 0.041280297289256744
210 0.020822987618477458 0.03922633043494107
211 0.008814360624746657 0.019370649486622152
212 0.01008857170060852 0.02114005535733727
213 0.006436400131497308 0.01967764156535303
214 0.007710611207359171 0.021447047436068126
215 0.005332650714109811 0.021754039514799022
216 0.018441392009163886 0.042117060386688186
217 0.019109184661847398 0.03964471198365678
218 0.020155194965793894 0.04169867883797251
219 0.04211706038668819 0.03155860799083613
220 0.03982903964485137 0.031027254522563157
221 0.03754101890301457 0.030495901054290186
222 0.04161275100432501 0.02983214234198024
223 0.0393247302624881 0.029300788873707254
224 0.041108441621961755 0.028105676693124356
225 0.00925156684925932 0.04441175428728658
226 0.040748433150740664 0.005588245712713422
227 0.04441175428728653 0.04074843315074069
228 0.008835312956484695 0.005748271084295931
229 0.0211274484856722 0.017333975589200978
230 0.019335283356517557 0.016056582602857375
231 0.01754311822736293 0.01477918961651383
232 0.020522387875922983 0.015195765365920922
233 0.018730222746768357 0.013918372379577333
234 0.019917327266173755 0.013057555142640835
235 0.03571411747908769 0.034978901685991326
236 0.0349404648917989 0.0327496758982091
237 0.03416681230451019 0.030520450110426957
238 0.03662756819105109 0.03273740137014077
239 0.0358539156037624 0.030508175582358556
240 0.03170140099574563 0.028166584021193694
241 0.03113384753111089 0.026347568501270673
242 0.030566294066476114 0.024528552981347606
243 0.03311694740759646 0.026139245005074148
244 0.03254939394296176 0.02432022948515102
245 0.03453249381944731 0.02411190598895456
246 0.0336127354530956 0.03784536284699767
247 0.03281388900190948 0.03538638896802168
248 0.03201504255072348 0.03292741508904587
249 0.03466342646609162 0.03641213226649449
250 0.033864580014905624 0.0339531583875186
251 0.030269121306541094 0.03732934854134548
252 0.0311420819286323 0.0351283818151957
253 0.031940928379818365 0.03758735569417158
254 0.027933912298283636 0.033307861519741806
255 0.02997447742450355 0.033117638304393786
256 0.029101516802412384 0.03531860503054366
257 0.034263005572552296 0.012552526635924221
258 0.017437103653184873 0.04060327848885839
259 0.016432815297205857 0.03908949659102857
260 0.018104896305868423 0.038130930085827
261 0.0407210043614682 0.0326675368859562
262 0.03932494833624823 0.033776465781076265
263 0.03843298361963142 0.032136183417683206
264 0.00672967984508525 0.025362062947971924
265 0.007953407309218122 0.024082308239797245
266 0.009125538510145052 0.02611661412290085
267 0.022264674174455483 0.01534887932345542
268 0.021659613564706245 0.013210669100175335
269 0.023401899863238734 0.013363783057709851
270 0.043455004800152484 0.035745702863072874
271 0.04234233389476734 0.03451861429138918
272 0.04525633654203971 0.034887325489532515
273 0.04414366563665459 0.03366023691784883
274 0.04594499737854184 0.03280185954430848
275 0.01427183383584082 0.043432146955125275
276 0.015516459106438217 0.04229661820471286
277 0.015112674510467465 0.045256336542039706
278 0.016357299781064847 0.04412080779162732
279 0.0171981404556915 0.04594499737854183
280 0.03570781679679344 0.0065033380228823046
281 0.03444284215883028 0.007574351751302217
282 0.034900220982857826 0.004715151097337798
283 0.03363524634489469 0.00578616482575771
284 0.032827650530959054 0.003997977900213205
285 0.018290673108399044 0.012049398603368193
286 0.016664018950624335 0.011041242064095543
287 0.020775933761465075 0.011250511120064723
288 0.01914927960369034 0.010242354580792073
289 0.01745318927730337 0.009091988048135997
290 0.012072549102287024 0.014715256002199275
291 0.013205006246266575 0.012724406298231792
292 0.01103389433806864 0.012386333158668494
293 0.03643786791812964 0.012351855254913316
294 0.03769915054390508 0.014293476726623077
295 0.038773456936875624 0.012219795089317975
296 0.013585739722636107 0.03777266836566979
297 0.012329890824801222 0.03583319280815054
298 0.011226890307051568 0.03782438540424897
299 0.037735552572954245 0.036231124195979826
300 0.035896347597307136 0.03744769686008828
301 0.03791778269117372 0.03869991937007684
302 0.015560777768795804 0.037435486180299994
303 0.037519532907667956 0.034377683733533775
304 0.006643029011663967 0.022918173877298113
305 0.009020989504913311 0.022611181798567272
306 0.04843158614800242 0.014196465704709338
307 0.035783827778917594 0.04838242475526938
308 0.014010675970770346 0.0016590962482058297
309 0.01552135194154063 0.0033181924964116576
310 0.014080287814772078 0.004393306880682846
311 0.0015684299698369019 0.03580391992224698
312 0.03648014610417513 0.016359362478153325
313 0.03759673068319115 0.018293188064088226
314 0.03501783208941257 0.017861064381758798
315 0.03484018734064935 0.020653484436906774
316 0.033639560418141715 0.019041212568168042
317 0.03621845901192024 0.01947333625049748
318 0.04999999999999999 0.008333333333333352
319 0.05000000000000003 0.010416666666666697
320 0.04786079586564648 0.008801837015987161
321 0.008333333333333358 -6.505213034913025e-19
322 0.010416666666666696 -1.0842021724855044e-19
323 0.008669869743954815 0.0018312396265922147
324 4.472333961502719e-19 0.04166666666666661
325 -8.673617379884035e-19 0.03958333333333329
326 0.0021392041343535 0.04119816298401283
327 0.04166666666666664 0.05
328 0.03958333333333328 0.05000000000000003
329 0.04119816298401285 0.04786079586564648
330 -2.168404344971009e-19 0.010416666666666652
331 6.572975670693371e-19 0.008333333333333318
332 0.0020657761990888197 0.00920400554007456
333 0.03958333333333336 0.0
334 0.041666666666666706 -5.488773498207866e-19
335 0.04091387636327057 0.001671214255009712
336 0.05000000000000003 0.039583333333333366
337 0.049999999999999996 0.04166666666666667
338 0.04832878574499027 0.040913876363270596
339 0.010416666666666657 0.05000000000000005
340 0.00833333333333332 0.05000000000000002
341 0.009086123636729417 0.04832878574499024
342 0.023372736708299792 0.016927306288991438
343 0.025618024930927356 0.016520636988781923
344 0.023014478380785776 0.018937477713170572
345 0.02525976660341337 0.018530808412961047
346 0.02490150827589937 0.02054097983714015
347 0.028845996511448337 0.01873051113583042
348 0.026873752393673865 0.019635745486485296
349 0.027232010721187836 0.017625574062306176
350 0.01941166219885482 0.02567255402580743
351 0.021375136560591937 0.027149316411062146
352 0.01969926108904741 0.02800554091643349
353 0.04670272021781546 0.03410926310548762
354 0.015890736894512415 0.0467027202178155
355 0.0031891542112707063 0.01603528954921688
356 0.03412215859881289 0.003268767421562064
357 0.009496177591951325 0.02447693473123825
358 0.016417349088314954 0.029219979222623017
359 0.011326854064642653 0.030316703620696342
360 0.007089261174484331 0.043394996983923996
361 0.007676608265350534 0.04564081418661798
362 0.0055143025905755386 0.044624056883255415
363 0.043394996983924 0.042910738825515625
364 0.04462405688325539 0.04448569740942448
365 0.041447798192975796 0.04352868598644996
366 0.0426768580923072 0.04510364457035874
367 0.04564081418661798 0.04232339173464949
368 0.042910738825515674 0.006605003016076005
369 0.042323391734649454 0.004359185813382005
370 0.04448569740942446 0.005375943116744589
371 0.006397886078285374 0.008954370331111617
372 0.007089261174484332 0.006605003016076014
373 0.004822927494376584 0.007725310431780189
374 0.005514302590575538 0.005375943116744592
375 0.04352868598644994 0.008552201807024208
376 0.04510364457035874 0.00732314190769278
377 0.006471314013550053 0.041447798192975796
378 0.004896355429641271 0.04267685809230722
379 0.007260354372575899 0.00451921118496451
380 0.0309988827333047 0.022879228047557328
381 0.03143147140013332 0.021229903113767025
382 0.03298198260979027 0.022670904551360806
383 0.0166014621588011 0.007477247191993656
384 0.014960564713619768 0.007811760351810866
385 0.016881855772761516 0.005230463264294048
386 0.015240958327580201 0.005564976424111263
387 0.029779667685226142 0.026990975107936372
388 0.02785793437470671 0.025815366194679088
389 0.029212114220591376 0.02517195958801337
390 0.03927436810872763 0.03966182496122067
391 0.03879174855063441 0.041840303216473064
392 0.03743516313308053 0.04087839762532918
393 0.039683742597133406 0.010757251082516657
394 0.041855310883166685 0.01123632854742512
395 0.04094502522290888 0.012698872554226415
396 0.010157145352548939 0.010931167069307052
397 0.009024688208569375 0.012922016773274536
398 0.008147939223049676 0.01146685068391309
399 0.01031374959391368 0.03926827442080079
400 0.008144759982940898 0.03877268787983344
401 0.009057900696078794 0.03732879886328157
402 0.031163396925664354 0.03984558072902393
403 0.028986732200525417 0.03881925867619518
404 0.017548438411685158 0.0031704290287188548
405 0.04691408089375297 0.017695149383436335
406 0.03227106801706693 0.046829804220496186
407 0.003085946736828794 0.03230551169134594
408 0.020833333333333284 0.04999999999999997
409 0.019015736894512407 0.04797249868927096
410 0.021353908950906744 0.04764078142614446
411 0.019536312512085822 0.0456132801154154
412 0.021874484568480165 0.04528156285228901
413 1.6127507315721878e-18 0.020833333333333284
414 0.0018136384215421608 0.019330219896894717
415 0.002666325357054896 0.021293686424066132
416 0.004479963778597068 0.01979057298762758
417 0.029166666666666723 -1.2197274440461925e-19
418 0.030997158598812868 0.001998988950106607
419 0.028646091049093256 0.0023592185738554932
420 0.03047658298123947 0.004358207523962097
421 0.028125515431519824 0.004718437147710989
422 0.049999999999999996 0.0291666666666667
423 0.04797249868927094 0.030984263105487613
424 0.04764078142614445 0.028646091049093287
425 0.04561328011541543 0.030463687487914184
426 0.04528156285228898 0.028125515431519848
427 0.03283520399894151 0.04010358788184995
428 0.03468634058004834 0.022382695212930657
429 0.03313582937039131 0.020941693775336882
430 0.02498035880823153 0.025097937803281678
431 0.023177747684411745 0.026123627107171924
432 0.02336176946530531 0.023899806616128703
433 0.02155915834148554 0.024925495920018925
434 0.021743180122379115 0.022701675428975717
435 0.019595683979748434 0.023448733534764118
436 0.03228339771417464 0.005740872232405238
437 0.03309099352811024 0.007529059157949736
438 0.017819766232427696 0.044031028882615064
439 0.01697892555780106 0.04220683929570054
440 0.044031028882615064 0.03218023376757233
441 0.04222969714072773 0.03303861114111262
442 0.040478842817613526 0.04158804172903998
443 0.00840448987066701 0.04046931248221303
444 0.04159554556238673 0.00953519573141627
445 0.008406079490721401 0.009650456799660263
446 0.01925011631017485 0.01753726425326849
447 0.017457951181020226 0.01625987126692491
448 0.02747932503278463 0.03515109106225974
449 0.028646929536913408 0.03716183457306161
450 0.027024737767285683 0.036994320604777704
451 0.04018996348308856 0.01803330126090856
452 0.038815735122921094 0.016227302312557992
453 0.009786490144068079 0.0323561890757853
454 0.011163539913714991 0.034183698541058925
455 0.030138733955790854 0.01998020712479872
456 0.02832831143126379 0.020722993189956546
457 0.029621048875606317 0.02197268917892484
458 0.02781062635107932 0.022715475244082683
459 0.021435314304025652 0.02001782550908833
460 0.023322344199139255 0.021621327633057907
461 0.033090927427616844 0.03172393259973639
462 0.017984906705557555 0.019119241972029546
463 0.04610913804175866 0.02313199184974552
464 0.0473446089779853 0.021201584356545858
465 0.047724228464469665 0.022905801355637672
466 0.02313980760218306 0.003889627463494065
467 0.021248478871171202 0.002647984053530901
468 0.022921432860512785 0.0022733025460357566
469 0.026865192933629788 0.046102114985653926
470 0.028781524343705792 0.04730247064135695
471 0.0270885682111129 0.04771018235226017
472 0.0038908642607898445 0.026868063239819655
473 0.002655404837305539 0.02879874618084527
474 0.002275776140627301 0.02709430882349273
475 0.02869427128469394 0.01321421207194435
476 0.027032897437155274 0.01312915870593825
477 0.027788895070428435 0.011297713817966949
478 0.034163831016651734 0.02776878651626298
479 0.03557937742850254 0.025741447500143372
480 0.0366262610375578 0.027370989011332215
481 0.029188460208777717 0.02362201411271513
482 0.029440859677260407 0.014529797009229873
483 0.030482503858961035 0.016594634639969328
484 0.02852607422228812 0.01576032858050932
485 0.029932330164455026 0.006101101856154132
486 0.043699311619488576 0.029842061711177988
487 0.020157938288822 0.0436993116194886
488 0.043195002237125385 0.028115596062322112
489 0.028335204067610646 0.007092353038853327
490 0.021871741245452 0.04328093007077285
491 0.029574754334985257 0.0285318443988523
492 0.027448107674224835 0.028897104776510817
493 0.027653021024465724 0.027356235485594967
494 0.0329341066501279 0.029343517065810336
495 0.03539653667103396 0.02894571956087954
496 0.034845656584311116 0.03888092744059145
497 0.01060225858143866 0.015980346082206068
498 0.024509962397083036 0.014942210023245884
499 0.02451235970856349 0.02722483618596699
500 0.024044360608895424 0.029351734568652265
501 0.022709748584743707 0.028250525489857223
502 0.04327623264052467 0.024317130985189332
503 0.04205841766200166 0.025276079626525293
504 0.04123917932030834 0.023533551645327146
505 0.01874999999999999 0.05
506 0.016666666666666642 0.05000000000000002
507 0.01693240356117906 0.04797249868927092
508 0.03125000000000003 -8.673617379884035e-19
509 0.03333333333333334 -4.743384504624082e-20
510 0.03308049193214623 0.001998988950106605
511 -6.505213034913027e-19 0.01874999999999999
512 -6.098637220230962e-20 0.01666666666666664
513 0.0018136384215421569 0.017246886563561364
514 0.04999999999999999 0.03125
515 0.05000000000000001 0.03333333333333339
516 0.04797249868927093 0.03306759643882094
517 0.03708363997028622 0.02893344503281122
518 0.03886735132975979 0.02773833285222828
519 0.026214233241228208 0.026997521289896277
520 0.02574623414156013 0.029124419672581545
521 0.02574184888768659 0.005112194764331679
522 0.02434644417439193 0.006739700314338069
523 0.026730110718225168 0.006345942697717382
524 0.02533470600493049 0.007973448247723766
525 0.044887805235668286 0.025741848887686606
526 0.043669990257145345 0.026700797529022602
527 0.02425815111231342 0.04488780523566832
528 0.025629873152229365 0.04328234099049715
529 0.023246206608396117 0.043676098607117825
530 0.024617928648312085 0.04207063436194666
531 0.022519885497765003 0.048642104601694255
532 0.023040461115338404 0.04628288602783871
533 0.024206437662196722 0.04728420920338843
534 0.04864261648625002 0.027479909311518898
535 0.04628339791239448 0.02695933369394549
536 0.047285232972499924 0.02579315195637113
537 0.0014189473941001794 0.022496604794892912
538 0.004085272751155088 0.02295695788562579
539 0.00283789478820036 0.0241598762564525
540 0.027480478972775245 0.0013572935359987708
541 0.026959903355201896 0.003716512109854258
542 0.025794291278883878 0.0027145870719975356
543 0.022518220059997564 0.011403625077599233
544 0.03533731196552276 0.01047884499861912
545 0.039540968001534525 0.035629906243522316
546 0.014457777251046166 0.039426678776398404
547 0.01545383998055467 0.013047285602929072
548 0.014415185216336267 0.010718362759398284
549 0.006139745810613659 0.010770764215364437
550 0.039760703925996725 0.04378094747388302
551 0.006211584125823949 0.039751173590596246
552 0.04378845130722986 0.010253334623033027
553 0.005419301547531095 0.024197928585472817
554 0.024576236811368612 0.004110269726474959
555 0.004171923584576366 0.025400846956299607
556 0.045889640295773734 0.024575667150112206
557 0.0254241276591717 0.045889128411218005
558 0.013988014751981411 0.024700265478406574
559 0.025010399288821403 0.010733115682471215
560 0.024206149576030053 0.01204844937009052
561 0.023322469772788894 0.010088291389979893
562 0.026356067313489356 0.021628227540611417
563 0.007072133939536613 0.0128078814999314
564 0.03788226999269553 0.043203989461005364
565 0.0432114932943521 0.01213176855633426
566 0.00678854213870165 0.03787273965729501
567 0.04104966078079405 0.03600098049867874
568 0.03597750823496523 0.008926262684455214
569 0.013799894200811636 0.006640090808382445
570 0.013563458097833977 0.009103621903255938
571 0.013999599155662342 0.04103023958324052
572 0.05 0.016666666666666725
573 0.050000000000000024 0.018750000000000048
574 0.05000000000000002 0.02083333333333339
575 0.04848249474575049 0.018082017012060393
576 0.04848249474575051 0.02016535034539372
577 0.033333333333333263 0.05000000000000003
578 0.0312499999999999 0.04999999999999995
579 0.02916666666666663 0.05000000000000002
580 0.03190390690481598 0.04844737946522686
581 0.029820573571482652 0.04844737946522696
582 1.456896669277394e-19 0.03333333333333325
583 4.336808689942018e-19 0.03124999999999995
584 -5.505714157152952e-19 0.029166666666666605
585 0.0015175167669918895 0.031918258435765526
586 0.0015175167669918886 0.029834925102432235
587 0.01666666666666674 1.788800938007957e-18
588 0.018750000000000062 -1.842116090117644e-18
589 0.020833333333333367 1.6263032587282567e-19
590 0.018121095774248152 0.0015113327805130197
591 0.020204429107581513 0.00151133278051302
592 0.024940933542065453 0.022819458820210914
593 0.028686035366868305 0.01724541985816988
594 0.027072049576607717 0.016140482784645603
595 0.009421614758836534 0.017592376458841576
596 0.01986223888105492 0.018915953307962075
597 0.02017010469940835 0.021599803227849424
598 0.03605783847632454 0.021311702433861237
599 0.03743611014759535 0.020131554247451975
600 0.03727548961199961 0.02196992043081569
601 0.027364540430897692 0.03865174470791118
602 0.01980038328494189 0.030427906520426196
603 0.021476258756486424 0.029571682015054897
604 0.03898809523809524 0.02499999999999999
605 0.0400482684300285 0.02655283834656218
606 0.03780717813782649 0.026185494505666096
607 0.03900833583090303 0.020042105864108605
608 0.03884771529530727 0.021880472047472344
609 0.026496771543899674 0.03263375603902193
610 0.025059630789515747 0.031959650558302063
611 0.027691009986254254 0.03110248314812632
612 0.02625386923187032 0.030428377667406515
613 0.022810870780638183 0.030672891093849932
614 0.02677764599626143 0.01009969230623344
615 0.026021648362988346 0.011931137194204735
616 0.02601236888364286 0.037991207921436454
617 0.026352171547254867 0.03964863202457002
618 0.05000000000000001 0.014583333333333375
619 0.04843158614800249 0.016279799038042664
620 0.03541666666666657 0.05
621 0.033700494445584275 0.048382424755269354
622 0.0 0.035416666666666596
623 0.0015684299698368997 0.033720586588913685
624 0.014583333333333356 1.3010426069826053e-18
625 0.016094009304103707 0.0016590962482058264
626 0.026419146591469114 0.02545665199898038
627 0.0011378880703136526 0.02813048774507965
628 0.02812761743888975 0.048855091176130086
629 0.021877383096923077 0.001136651273017878
630 0.048862114232234855 0.02186956734448551
631 0.024999999999999935 0.049999999999999954
632 0.022916666666666655 0.05000000000000002
633 0.02460321883109832 0.048642104601694124
634 0.050000000000000024 0.025000000000000033
635 0.04999999999999999 0.02708333333333336
636 0.048642616486249964 0.0253965759781856
637 -1.3511077515405628e-19 0.024999999999999953
638 -5.073727354053259e-19 0.02291666666666662
639 0.0014189473941001818 0.02457993812822625
640 0.025000000000000036 1.0570971181733668e-18
641 0.02708333333333339 -3.0867733482518823e-19
642 0.025397145639441985 0.0013572935359987685
643 0.03064246500354119 0.018079725917629876
644 0.028808617912230924 0.032085015886319485
645 0.028565715600201547 0.029879637514704
646 0.029683323526178296 0.030862170252897173
647 0.030692362260961954 0.029514377137045453
648 0.02693979935431602 0.008719858588859722
649 0.04158342964198175 0.026690878159824814
650 0.023243463285368 0.041675465825601735
651 0.039704018108355055 0.023395511832064474
652 0.04052325645004842 0.025138039813262653
653 0.010695825834698382 0.019361782329556706
654 0.012378922483843957 0.020534113058326146
655 0.017715630369438847 0.03077267040626705
656 0.035903991715723435 0.023040913209885112
657 0.03676029452877125 0.024555952994477263
658 0.03813179242504746 0.023484960215407854
659 0.026395492579655417 0.023906706523682188
660 0.04999999999999999 0.049999999999999996
661 0.04791666666666665 0.050000000000000024
662 0.045833333333333295 0.049999999999999996
663 0.04861009543635186 0.04861009543635182
664 0.046526762103018496 0.048610095436351836
665 0.047220190872703675 0.04722019087270369
666 -2.0087915739728267e-19 2.270450491810089e-19
667 0.002083333333333339 1.0842021724855036e-19
668 0.004166666666666678 2.5919208185981624e-19
669 0.0013899045636481678 0.0013899045636481672
670 0.0034732378969815052 0.001389904563648167
671 0.0027798091272963387 0.002779809127296335
672 6.880936588333946e-20 0.05
673 8.6736173798840345e-19 0.047916666666666656
674 3.2102548700937973e-19 0.045833333333333316
675 0.0013899045636481667 0.04861009543635187
676 0.0013899045636481659 0.04652676210301852
677 0.0027798091272963317 0.047220190872703675
678 0.05 8.597649112427115e-19
679 0.05000000000000002 0.002083333333333338
680 0.049999999999999996 0.004166666666666679
681 0.04861009543635185 0.0013899045636481667
682 0.04861009543635186 0.003473237896981508
683 0.047220190872703675 0.0027798091272963343
684 -4.87890977618477e-19 0.0020833333333333337
685 0.0013899045636481667 0.0034732378969814966
686 6.437450399132685e-19 0.004166666666666659
687 0.0020833333333333337 0.04999999999999999
688 0.003473237896981493 0.04861009543635182
689 0.004166666666666659 0.05000000000000002
690 0.05 0.047916666666666684
691 0.04861009543635184 0.0465267621030185
692 0.04999999999999999 0.04583333333333333
693 0.04791666666666664 1.0842021724855044e-19
694 0.046526762103018524 0.0013899045636481667
695 0.04583333333333334 -3.65918233213858e-19
696 0.03185822177323456 0.03054699955511979
697 0.030849183038450845 0.03189479267097149
698 0.01056375978764656 0.02300580829000829
699 0.015893389618923944 0.014916259379138196
700 0.01710356858899365 0.012910215840304698
701 0.026075112217688764 0.0341724952167015
702 0.025620524952189815 0.036015724759219436
703 0.024551995699205596 0.030655692563477176
704 0.05000000000000001 0.035416666666666693
705 0.04873022152854455 0.03437499999999999
706 0.03541666666666672 0.0
707 0.034375 0.0012697784714554643
708 0.014583333333333316 0.05000000000000002
709 0.01562499999999999 0.04873022152854449
710 -4.336808689942018e-19 0.014583333333333325
711 0.0013755157897285559 0.015455069652322169
712 0.04889244384969468 0.04270833333333332
713 0.04778488769938939 0.043750000000000025
714 0.04722122959468497 0.041955543029937245
715 0.0011567581405748507 0.007272731899569595
716 0.002313516281149702 0.006212130465805877
717 0.0032225343396636713 0.008143404106310837
718 0.04270833333333336 0.0011075561503052947
719 0.043750000000000025 0.0022151123006105907
720 0.04195554302993726 0.0027787704053150036
721 0.04602836694844082 0.005718406768563858
722 0.0475710364874571 0.006060870420383133
723 0.04664631410937506 0.00766560555951205
724 0.0039139094358626204 0.005794036791275237
725 0.04620447229132241 0.04411784870471222
726 0.005882151295287766 0.04620447229132244
727 0.008044456970062765 0.04722122959468499
728 0.006249999999999988 0.047784887699389385
729 0.04878551824372857 0.007197101876858252
730 0.0072916666666666555 0.048892443849694725
731 0.04411784870471221 0.0037955277086775914
732 0.0039716330515592035 0.04428159323143615
733 0.002428963512542865 0.04393912957961686
734 0.003353685890624928 0.04233439444048795
735 0.007291666666666683 0.001107556150305302
736 0.007628203077288141 0.00293879577689752
737 0.006250000000000011 0.0022151123006106032
738 0.005882151295287776 0.003795527708677596
739 0.0012144817562714301 0.042802898123141746
740 0.04280289812314173 0.048785518243728565
741 0.04233439444048794 0.04664631410937508
742 0.043939129579616876 0.04757103648745712
743 0.044281593231436135 0.04602836694844078
744 0.04999999999999999 0.022916666666666717
745 0.0488621142322348 0.023952900677818842
746 0.027083333333333265 0.04999999999999999
747 0.02604428410555645 0.04885509117613011
748 -5.421010862427522e-20 0.02708333333333331
749 0.0011378880703136506 0.026047154411746327
750 0.02291666666666673 1.0842021724855044e-19
751 0.023960716430256386 0.0011366512730178779
752 0.031935202447883664 0.01932942190659819
753 0.026325461184041277 0.01482489784736011
754 0.02521739865019701 0.013246470881824051
755 0.011812703365591976 0.022198036840060085
756 0.012287891452630036 0.024063789772731038
757 0.033802645889387875 0.009126934065466125
758 0.006250000000000016 -5.421010862427522e-19
759 0.005208333333333344 0.0011075561503053025
760 0.05 0.006250000000000016
761 0.04878551824372855 0.005113768543524904
762 0.04374999999999997 0.05000000000000002
763 0.04488623145647512 0.048785518243728586
764 2.168404344971009e-19 0.04374999999999999
765 0.0012144817562714314 0.04488623145647508
766 0.0062499999999999865 0.04999999999999996
767 0.005208333333333327 0.048892443849694725
768 -2.168404344971009e-19 0.006249999999999988
769 0.0011567581405748507 0.005189398566236271
770 0.05 0.04375000000000005
771 0.04889244384969468 0.044791666666666646
772 0.043750000000000025 2.168404344971009e-19
773 0.04479166666666665 0.0011075561503052953
774 0.024808964324156045 0.040529364800020944
775 0.02616113587141092 0.04118990158649573
776 0.023484623130843457 0.008708457672606189
777 0.025172552646875946 0.009353281965097483
778 0.02331850587094834 0.03197684908867483
779 0.02463797146330485 0.033498389735981626
780 0.015974637201822052 0.04069305739787072
781 0.015812291832122065 0.009426501207953204
782 0.04083364111550784 0.034147540036232736
783 0.024357862069698345 0.0024939448090166424
784 0.04750473071848481 0.02434947665600439
785 0.0025568354644138302 0.025627092539972626
786 0.02564750293665479 0.047497195777824346
787 0.045922123877979504 0.04585294414106407
788 0.04557966022616027 0.047395613680080405
789 0.04585294414106407 0.004077876122020462
790 0.04739561368008039 0.004420339773839741
791 0.04750253928604654 0.04548509543635186
792 0.004147055858935931 0.04592212387797953
793 0.002604386319919599 0.04557966022616029
794 0.004514904563648162 0.04750253928604652
795 0.00414705585893594 0.0040778761220204626
796 0.004514904563648175 0.0024974607139534684
797 0.0025466627042230175 0.004495969796551107
798 0.04548509543635186 0.0024974607139534597
799 0.027834280362893007 0.024265420719380863
800 0.027779485829721715 0.014444743643223805

NELEMS 376
0 0 1 2 3 4 5
1 6 7 8 9 10 11
2 12 13 14 15 16 17
3 18 19 20 21 22 23
4 24 25 26 27 28 29
5 30 31 32 33 34 35
6 36 37 38 39 40 41
7 42 43 44 45 46 47
8 48 49 50 51 52 53
9 54 55 56 57 58 59
10 60 61 62 63 64 65
11 66 67 68 69 70 71
12 72 73 74 75 76 77
13 78 79 80 81 82 83
14 84 85 71 86 70 68
15 87 88 59 89 58 56
16 90 91 65 92 64 62
17 93 94 77 95 76 74
18 0 3 5 96 97 50
19 12 15 17 98 99 100
20 101 102 103 104 105 87
21 106 107 83 108 82 80
22 109 110 111 112 113 93
23 114 115 116 117 118 84
24 119 120 121 122 123 90
25 124 125 44 126 127 128
26 6 9 11 129 130 131
27 18 21 23 132 133 134
28 12 135 136 137 138 26
29 0 139 140 141 142 32
30 101 104 87 143 144 145
31 18 146 147 148 149 38
32 150 151 152 153 154 155
33 156 157 155 158 154 152
34 156 159 160 157 161 155
35 48 162 155 163 161 160
36 164 165 166 167 168 53
37 169 170 152 171 172 173
38 164 174 175 176 177 178
39 179 180 53 181 52 50
40 150 182 173 151 172 152
41 183 184 185 186 187 78
42 188 189 190 191 192 175
43 188 191 175 193 194 195
44 164 196 197 174 198 175
45 12 137 26 199 200 201
46 0 141 32 202 203 204
47 18 148 38 205 206 207
48 169 208 209 170 210 152
49 101 211 212 213 214 215
50 216 217 152 218 210 209
51 219 220 221 222 223 224
52 114 117 84 225 86 68
53 119 122 90 226 92 62
54 109 112 93 227 95 74
55 124 228 47 125 46 44
56 229 230 231 232 233 234
57 235 236 237 238 239 221
58 240 241 242 243 244 245
59 246 247 248 249 250 235
60 251 252 248 253 247 246
61 254 255 248 256 252 251
62 183 186 78 257 81 83
63 216 258 259 217 260 152
64 219 261 262 220 263 221
65 5 264 265 97 266 50
66 229 232 234 267 268 269
67 93 270 271 272 273 274
68 84 275 276 277 278 279
69 90 280 281 282 283 284
70 234 285 286 287 288 131
71 6 129 131 289 288 286
72 188 290 145 291 292 128
73 183 293 121 294 295 136
74 156 296 116 297 298 140
75 235 299 111 300 301 147
76 156 158 152 302 260 259
77 235 238 221 303 263 262
78 215 214 212 304 305 265
79 24 306 201 25 200 26
80 36 307 207 37 206 38
81 42 308 309 43 310 44
82 30 311 204 31 203 32
83 183 312 313 184 314 185
84 315 316 185 317 314 313
85 318 319 24 320 27 29
86 321 322 42 323 45 47
87 324 325 30 326 33 35
88 327 328 36 329 39 41
89 54 330 331 55 332 56
90 60 333 334 61 335 62
91 72 336 337 73 338 74
92 66 339 340 67 341 68
93 229 342 343 344 345 346
94 347 348 346 349 345 343
95 164 350 351 165 352 166
96 93 272 274 94 353 77
97 84 277 279 85 354 71
98 87 105 103 88 355 59
99 90 282 284 91 356 65
100 179 181 50 357 266 265
101 48 51 53 358 168 166
102 48 163 160 49 359 50
103 114 225 68 360 361 362
104 109 363 364 365 366 41
105 109 227 74 363 367 364
106 119 226 62 368 369 370
107 124 371 56 372 373 374
108 119 368 370 375 376 29
109 114 360 362 377 378 35
110 124 372 374 228 379 47
111 242 380 381 244 382 245
112 6 383 384 385 386 309
113 240 387 388 241 389 242
114 111 390 391 301 392 147
115 121 393 394 295 395 136
116 128 292 145 396 397 398
117 116 399 400 298 401 140
118 18 132 134 402 403 251
119 6 385 309 7 404 8
120 12 199 201 13 405 14
121 18 205 207 19 406 20
122 0 202 204 1 407 2
123 408 409 279 410 411 412
124 413 414 103 415 416 215
125 417 418 284 419 420 421
126 422 423 274 424 425 426
127 18 402 251 427 253 246
128 315 428 245 429 382 381
129 430 431 351 432 433 434
130 164 435 434 350 433 351
131 106 436 284 437 283 281
132 216 438 279 439 278 276
133 219 440 274 441 273 271
134 109 442 391 110 390 111
135 114 443 400 115 399 116
136 119 444 394 120 393 121
137 124 126 128 445 396 398
138 229 446 190 230 447 231
139 254 256 251 448 449 450
140 12 451 313 135 452 136
141 183 294 136 312 452 313
142 0 453 160 139 454 140
143 156 297 140 159 454 160
144 347 455 381 456 457 458
145 229 344 346 459 460 434
146 235 250 248 236 461 237
147 175 192 190 177 462 178
148 17 16 14 463 464 465
149 11 10 8 466 467 468
150 23 22 20 469 470 471
151 5 4 2 472 473 474
152 78 475 476 79 477 80
153 240 243 245 478 479 480
154 242 481 458 380 457 381
155 78 187 185 482 483 484
156 106 485 421 436 420 284
157 101 213 215 102 416 103
158 219 486 426 440 425 274
159 216 487 412 438 411 279
160 219 222 224 486 488 426
161 106 108 80 485 489 421
162 216 218 209 487 490 412
163 240 491 492 387 493 388
164 240 478 480 494 495 237
165 18 427 246 146 496 147
166 188 193 195 290 497 145
167 229 267 269 342 498 343
168 430 499 500 431 501 351
169 17 502 503 99 504 100
170 408 505 506 409 507 279
171 417 508 509 418 510 284
172 413 511 512 414 513 103
173 422 514 515 423 516 274
174 221 517 480 223 518 224
175 430 519 492 499 520 500
176 11 521 421 522 523 524
177 17 525 426 502 526 503
178 23 527 412 528 529 530
179 408 410 412 531 532 533
180 422 424 426 534 535 536
181 413 415 215 537 538 539
182 417 419 421 540 541 542
183 234 287 131 268 543 269
184 183 257 83 293 544 121
185 235 303 262 299 545 111
186 156 302 259 296 546 116
187 188 291 128 547 548 286
188 124 445 398 371 549 56
189 109 365 41 442 550 391
190 114 377 35 443 551 400
191 119 375 29 444 552 394
192 5 553 215 264 304 265
193 11 554 542 521 541 421
194 5 555 539 553 538 215
195 17 556 536 525 535 426
196 23 557 533 527 532 412
197 164 167 53 196 558 197
198 559 560 269 561 543 131
199 347 456 458 348 562 346
200 87 89 56 563 549 398
201 38 564 391 40 550 41
202 26 565 394 28 552 29
203 32 566 400 34 551 35
204 93 113 111 270 567 271
205 90 123 121 280 568 281
206 44 569 384 127 570 128
207 84 118 116 275 571 276
208 572 573 574 575 576 14
209 577 578 579 580 581 20
210 582 583 584 585 586 2
211 587 588 589 590 591 8
212 430 432 434 592 460 346
213 347 349 343 593 594 484
214 101 143 145 595 497 195
215 229 459 434 596 597 178
216 315 317 313 598 599 600
217 251 403 134 449 601 450
218 44 310 309 569 386 384
219 235 300 147 249 496 246
220 150 602 166 603 352 351
221 604 605 224 606 518 480
222 38 149 147 564 392 391
223 26 138 136 565 395 394
224 87 563 398 144 397 145
225 32 142 140 566 401 400
226 12 98 100 451 607 313
227 0 96 50 453 359 160
228 313 607 100 599 608 600
229 254 609 610 611 612 492
230 150 603 351 613 501 500
231 559 614 80 615 477 476
232 169 616 450 617 601 134
233 24 618 572 306 619 201
234 36 620 577 307 621 207
235 30 622 582 311 623 204
236 42 624 587 308 625 309
237 430 626 388 519 493 492
238 584 627 474 586 473 2
239 579 628 471 581 470 20
240 589 629 468 591 467 8
241 574 630 465 576 464 14
242 631 632 408 633 531 533
243 634 635 422 636 534 536
244 637 638 413 639 537 539
245 640 641 417 642 540 542
246 347 593 484 643 483 185
247 254 611 492 644 645 646
248 240 647 646 491 645 492
249 421 489 80 523 648 524
250 426 488 224 526 649 503
251 412 490 209 529 650 530
252 604 651 100 652 504 503
253 229 596 178 446 462 190
254 101 595 195 211 653 212
255 175 654 212 194 653 195
256 150 153 155 602 655 166
257 315 598 600 428 656 245
258 604 657 245 658 656 600
259 430 592 346 659 562 458
260 660 661 662 663 664 665
261 666 667 668 669 670 671
262 672 673 674 675 676 677
263 678 679 680 681 682 683
264 666 669 671 684 685 686
265 672 675 677 687 688 689
266 660 663 665 690 691 692
267 678 681 683 693 694 695
268 604 606 480 657 479 245
269 240 696 248 647 697 646
270 179 357 265 698 305 212
271 188 547 286 699 700 231
272 240 494 237 696 461 248
273 254 644 646 255 697 248
274 254 448 450 701 702 173
275 169 171 173 616 702 450
276 492 612 610 520 703 500
277 221 239 237 517 495 480
278 572 575 14 619 405 201
279 577 580 20 621 406 207
280 587 590 8 625 404 309
281 582 585 2 623 407 204
282 515 704 72 705 75 77
283 509 706 60 707 63 65
284 506 708 66 709 69 71
285 512 710 54 711 57 59
286 337 712 713 338 714 74
287 331 715 716 332 717 56
288 334 718 719 335 720 62
289 370 721 722 376 723 29
290 374 373 56 724 717 716
291 364 367 74 725 714 713
292 362 361 68 726 727 728
293 318 320 29 729 723 722
294 340 730 728 341 727 68
295 370 369 62 731 720 719
296 362 732 733 378 734 35
297 321 323 47 735 736 737
298 374 738 737 379 736 47
299 324 326 35 739 734 733
300 327 329 41 740 741 742
301 364 743 742 366 741 41
302 506 709 71 507 354 279
303 512 711 59 513 355 103
304 509 707 65 510 356 284
305 515 705 77 516 353 274
306 188 699 231 189 447 190
307 164 176 178 435 597 434
308 48 358 166 162 655 155
309 574 744 634 630 745 465
310 579 746 631 628 747 471
311 584 748 637 627 749 474
312 589 750 640 629 751 468
313 347 643 185 455 752 381
314 315 429 381 316 752 185
315 343 498 269 753 754 476
316 559 615 476 560 754 269
317 175 198 197 654 755 212
318 179 698 212 756 755 197
319 106 437 281 107 757 83
320 121 544 83 568 757 281
321 668 758 321 759 735 737
322 680 760 318 761 729 722
323 662 762 327 763 740 742
324 674 764 324 765 739 733
325 340 766 689 730 767 728
326 331 768 686 715 769 716
327 337 770 692 712 771 713
328 334 772 695 718 773 719
329 169 617 134 774 775 530
330 11 522 524 130 776 131
331 23 528 530 133 775 134
332 559 561 131 777 776 524
333 150 778 610 182 779 173
334 234 233 231 285 700 286
335 254 701 173 609 779 610
336 116 546 259 571 780 276
337 6 289 286 383 781 384
338 216 439 276 258 780 259
339 128 570 384 548 781 286
340 219 441 271 261 782 262
341 111 545 262 567 782 271
342 604 652 503 605 649 224
343 169 774 530 208 650 209
344 559 777 524 614 648 80
345 604 658 600 651 608 100
346 150 613 500 778 703 610
347 11 466 468 554 783 542
348 17 463 465 556 784 536
349 5 472 474 555 785 539
350 23 469 471 557 786 533
351 179 756 197 180 558 53
352 364 787 665 743 788 742
353 370 789 683 721 790 722
354 364 725 713 787 791 665
355 680 761 722 682 790 683
356 362 792 677 732 793 733
357 662 763 742 664 788 665
358 689 688 677 767 794 728
359 374 795 671 738 796 737
360 692 691 665 771 791 713
361 668 759 737 670 796 671
362 674 765 733 676 793 677
363 686 685 671 769 797 716
364 370 731 719 789 798 683
365 695 694 683 773 798 719
366 374 724 716 795 797 671
367 362 726 728 792 794 677
368 631 633 533 747 786 471
369 634 636 536 745 784 465
370 637 639 539 749 785 474
371 640 642 542 751 783 468
372 242 389 388 481 799 458
373 430 659 458 626 799 388
374 78 482 484 475 800 476
375 343 753 476 594 800 484

ZEROCONS
24 30 36 42 54 60 66 72 318 319 321 322 324 325 327 328 330 331 333 334 336 337 339 340 408 413 417 422 505 506 508 509 511 512 514 515 572 573 574 577 578 579 582 583 584 587 588 589 618 620 622 624 631 632 634 635 637 638 640 641 660 661 662 666 667 668 672 673 674 678 679 680 684 686 687 689 690 692 693 695 704 706 708 710 744 746 748 750 758 760 762 764 766 768 770 772
